output_dat.txt
output_osc.txt
Ful_log = false
Rank = 60
t = 0
delt_t = 0,1
t_establish = 1500
t_min = 9
tInterval = 10
t_max = 6000
t_fin = 6000
System parameters
0,15
0,15
1,050
1,050
1,050
1,050
1,050
1,050
1,050
1,050
1,050
1,050
1,050
1,050
1,050
1,050
1,050
1,050
1,050
1,050
1,050
1,050
1,050
1,050
1,050
1,050
1,050
1,050
1,050
1,050
0,018
0,02
Free
Initial conditions:
0
0
0
0
0
0
0
0
0
0
0
0
0
0
0
0
0
0
0
0
0
0
0
0
0
0
0
0
0
0
0
0
0
0
0
0
0
0
0
0
0
0
0
0
0
0
0
0
0
0
0
0
0
0
0
0
0
0
0
0
Size = 2x2
Parameters a:
-1,91 -1,92
-1,94 -1,95
valueX:
0 0
0 0
valueY:
0 0
0 0
Rank = 140
System parameters
1,001
1,002
1,003
1,004
1,001
1,002
1,003
1,004
1,001
1,002
1,003
1,004
1,001
1,002
1,003
1,004
1,001
1,002
1,003
1,004
1,001
1,002
1,003
1,004
1,001
1,002
1,003
1,004
1,001
1,002
1,001
1,002
1,003
1,004
1,001
1,002
1,003
1,004
1,001
1,002
1,003
1,004
1,001
1,002
1,003
1,004
1,001
1,002
1,003
1,004
1,001
1,002
1,003
1,004
1,001
1,002
1,003
1,004
1,001
1,002
1,003
1,004
1,001
1,002
1,003
1,004
1,001
1,002
1,003
1,004
0,018
0,02
Initial conditions:  
0
0
0
0
0
0
0
0
0
0
0
0
0
0
0
0
0
0
0
0
0
0
0
0
0
0
0
0
0
0
0
0
0
0
0
0
0
0
0
0
0
0
0
0
0
0
0
0
0
0
0
0
0
0
0
0
0
0
0
0
0
0
0
0
0
0
0
0
0
0
0
0
0
0
0
0
0
0
0
0
0
0
0
0
0
0
0
0
0
0
0
0
0
0
0
0
0
0
0
0
0
0
0
0
0
0
0
0
0
0
0
0
0
0
0
0
0
0
0
0
0
0
0
0
0
0
0
0
0
0
0
0
0
0
0
0
0
0
0
0