0,0  0,0000000  0,0000000  0,0000000  0,0000000  0,0000000  0,0000000  0,0000000  0,0000000  0,0000000  0,0000000
10,0  -1,7007576  -1,7292752  -1,7321695  -1,7321726  -1,7321720  -1,7321720  -1,7321720  -1,7321721  -1,7321732  -1,7324399
20,0  -1,6277351  -1,6546162  -1,6612585  -1,6612967  -1,6612965  -1,6612965  -1,6612965  -1,6612966  -1,6613070  -1,6625622
30,0  -1,5542755  -1,5777755  -1,5887777  -1,5888632  -1,5888635  -1,5888635  -1,5888635  -1,5888637  -1,5888836  -1,5910066
40,0  -1,5159214  -1,4989786  -1,5147185  -1,5148651  -1,5148661  -1,5148661  -1,5148661  -1,5148665  -1,5148995  -1,5180477
50,0  -1,4362406  -1,4171891  -1,4390985  -1,4393362  -1,4393385  -1,4393386  -1,4393386  -1,4393392  -1,4393907  -1,4437655
60,0  -1,3503433  -1,3323324  -1,3620358  -1,3624138  -1,3624186  -1,3624187  -1,3624187  -1,3624199  -1,3624982  -1,3683598
70,0  -1,2595953  -1,2441514  -1,2838495  -1,2844485  -1,2844580  -1,2844582  -1,2844582  -1,2844603  -1,2845791  -1,2922630
80,0  -1,1591501  -1,1520728  -1,2052811  -1,2062565  -1,2062762  -1,2062767  -1,2062768  -1,2062805  -1,2064625  -1,2163846
90,0  -0,8365744  -1,0482136  -1,1279228  -1,1297653  -1,1298133  -1,1298147  -1,1298149  -1,1298222  -1,1301026  -1,1426842
100,0  1,8697875  -0,4167577  -1,0420906  -1,0594930  -1,0599761  -1,0599898  -1,0599908  -1,0600049  -1,0604153  -1,0756028
110,0  1,6298762  1,8018353  0,5403369  -0,9635619  -1,0083286  -1,0097880  -1,0098371  -1,0098542  -1,0102394  -1,0253548
120,0  1,1941300  1,5241315  1,7654852  1,9155752  -0,8286758  -0,9992269  -1,0047798  -1,0048978  -1,0043206  -1,0099384
130,0  -2,0262756  0,6253142  1,4364398  1,6955155  1,8640609  -0,6955804  -1,0247892  -1,0370590  -1,0358605  -1,0290314
140,0  -1,9937505  -2,0103865  -1,4480450  1,2896513  1,6188301  1,8258152  -0,5738239  -1,0276601  -1,0443853  -1,0401200
150,0  -1,9268294  -1,9492898  -2,0016717  -2,0308930  1,0654224  1,5630592  1,8043309  -0,2125952  -1,0039961  -1,0321781
160,0  -1,8566564  -1,8803794  -1,9365544  -1,9852106  -2,0163052  0,8393938  1,5269489  1,7820498  1,4271568  -0,9571125
170,0  -1,7843044  -1,8097576  -1,8699868  -1,9197608  -1,9690079  -2,0065645  0,6096653  1,4754543  1,7438364  1,9124627
180,0  -1,7087659  -1,7372833  -1,8020305  -1,8528684  -1,9032286  -1,9580254  -2,0035920  -0,1490568  1,3931808  1,6675812
190,0  -1,6015747  -1,6625272  -1,7326197  -1,7845768  -1,8359946  -1,8920066  -1,9514442  -2,0063574  -1,9758781  1,2193411
200,0  -1,5253731  -1,5859023  -1,6616990  -1,7148255  -1,7673463  -1,8245384  -1,8852218  -1,9427570  -1,9960790  -2,0235528
210,0  -1,4476403  -1,5069197  -1,5892172  -1,6435597  -1,6972240  -1,7556457  -1,8176106  -1,8763359  -1,9307372  -1,9591663
220,0  -1,3684374  -1,4253423  -1,5151484  -1,5707399  -1,6255758  -1,6852696  -1,7485687  -1,8085384  -1,8640696  -1,8935155
230,0  -1,2888276  -1,3409180  -1,4395138  -1,4963577  -1,5523684  -1,6133603  -1,6780376  -1,7393021  -1,7960145  -1,8265660
240,0  -1,2195763  -1,2535244  -1,3624308  -1,4204667  -1,4776055  -1,5398891  -1,6059689  -1,6685692  -1,7265099  -1,7582681
250,0  -1,2156575  -1,1652728  -1,2842641  -1,3432457  -1,4013645  -1,4648690  -1,5323370  -1,5962937  -1,6555001  -1,6885787
260,0  -1,1199439  -1,0700856  -1,2056147  -1,2651290  -1,3238721  -1,3883960  -1,4571610  -1,5224542  -1,5829426  -1,6174696
270,0  -1,0138089  -0,9693887  -1,1282027  -1,1871337  -1,2456712  -1,3107350  -1,3805492  -1,4470783  -1,5088235  -1,5449403
280,0  -0,8726085  -0,8580508  -1,0561129  -1,1117087  -1,1680338  -1,2325148  -1,3027928  -1,3702917  -1,4331852  -1,4710410
290,0  1,6675062  -0,3980149  -0,9916632  -1,0450056  -1,0940916  -1,1552177  -1,2245798  -1,2924214  -1,3561826  -1,3959170
300,0  1,7441454  1,7921221  1,2708099  -0,9401600  -1,0305042  -1,0825243  -1,1475428  -1,2142371  -1,2782042  -1,3198964
310,0  1,4141742  1,5036612  1,7482916  1,9063545  -0,7857649  -1,0178063  -1,0756742  -1,1375736  -1,2001597  -1,2436768
320,0  -0,6784611  0,6811626  1,4082470  1,6780141  1,8507052  -0,4251913  -1,0009094  -1,0666310  -1,1242273  -1,1687570
330,0  -2,0011048  -2,0255899  -1,9353165  1,2400553  1,5974571  1,8009813  1,4974714  -0,9445644  -1,0544095  -1,0984884
340,0  -1,9372830  -1,9605529  -1,9981442  -2,0275949  0,9896933  1,5063645  1,7448556  1,9063616  -0,8061554  -1,0349767
350,0  -1,8866137  -1,8920389  -1,9329446  -1,9812244  -2,0142007  0,3648327  1,3990002  1,6781654  1,8561209  -0,5673013
360,0  -1,8154821  -1,8217165  -1,8663053  -1,9156817  -1,9644756  -2,0112332  -1,9710199  1,2378813  1,6061853  1,8009745
370,0  -1,7421610  -1,7495735  -1,7982745  -1,8487045  -1,8985184  -1,9477949  -1,9967630  -2,0274304  1,0201441  1,4979695
380,0  -1,6660087  -1,6754545  -1,7287887  -1,7803248  -1,8311851  -1,8814781  -1,9315515  -1,9812600  -2,0159062  0,2931899
390,0  -1,5793238  -1,5991239  -1,6577880  -1,7104817  -1,7624335  -1,8137891  -1,8649019  -1,9157155  -1,9657278  -1,9915497
400,0  -1,4722029  -1,5201732  -1,5852216  -1,6391212  -1,6922038  -1,7446661  -1,7968647  -1,8487388  -1,8997742  -1,9265217
410,0  -1,3929638  -1,4390343  -1,5110735  -1,5662050  -1,6204449  -1,6740507  -1,7273785  -1,7803601  -1,8324668  -1,8602213
420,0  -1,3122083  -1,3550756  -1,4353650  -1,4917275  -1,5471252  -1,6018958  -1,6563869  -1,7105181  -1,7637425  -1,7925964
430,0  -1,2309304  -1,2680097  -1,3582194  -1,4157478  -1,4722522  -1,5281772  -1,5838470  -1,6391588  -1,6935418  -1,7236000
440,0  -1,1536796  -1,1776119  -1,2799622  -1,3384543  -1,3959107  -1,4529174  -1,5097433  -1,5662442  -1,6218136  -1,6531951
450,0  -1,1897317  -1,0878056  -1,2014466  -1,2603088  -1,3183426  -1,3762313  -1,4341158  -1,4917690  -1,5485265  -1,5813651
460,0  -1,1121672  -0,9954515  -1,1245697  -1,1823898  -1,2401248  -1,2984232  -1,3571139  -1,4157927  -1,4736881  -1,5081307
470,0  -1,0073743  -0,8970225  -1,0536042  -1,1072885  -1,1626111  -1,2202091  -1,2791152  -1,3385053  -1,3973835  -1,4335820
480,0  -0,8737995  -0,8182706  -1,0016113  -1,0418300  -1,0891607  -1,1432855  -1,2010030  -1,2603706  -1,3198546  -1,3579402
490,0  0,3070221  -1,0136358  -1,0100349  -1,0042332  -1,0287510  -1,0719541  -1,1248966  -1,1824733  -1,2416788  -1,2816838
500,0  1,7531855  -0,9806922  -1,0475961  -1,0163004  -1,0023809  -1,0176959  -1,0562795  -1,1074581  -1,1642108  -1,2058293
510,0  1,4329321  -0,9952531  -1,0428154  -1,0393443  -1,0218972  -1,0036023  -1,0095248  -1,0422860  -1,0908109  -1,1326081
520,0  -0,0256299  -1,0712689  -1,0342713  -1,0390888  -1,0419151  -1,0292346  -1,0079136  -1,0044561  -1,0304012  -1,0672095
530,0  -1,9869617  -1,1653940  -1,0377118  -1,0301097  -1,0377731  -1,0428614  -1,0352506  -1,0141751  -1,0035287  -1,0216256
540,0  -1,9213590  -1,0795999  -1,0257759  -1,0252234  -1,0276436  -1,0349476  -1,0420749  -1,0394584  -1,0222815  -1,0135345
550,0  -1,8736160  -0,9911891  -1,0164901  -1,0267682  -1,0252504  -1,0259874  -1,0321422  -1,0402148  -1,0414782  -1,0316817
560,0  -1,8022273  -0,9196677  -1,0199122  -1,0309825  -1,0295486  -1,0261735  -1,0251876  -1,0295467  -1,0366001  -1,0373462
570,0  -1,7294261  -0,9442036  -1,0306551  -1,0326696  -1,0323189  -1,0307276  -1,0273076  -1,0250178  -1,0270660  -1,0307994
580,0  -1,6550692  -1,0578083  -1,0431737  -1,0317060  -1,0311395  -1,0320868  -1,0314740  -1,0286516  -1,0261042  -1,0270697
590,0  -1,5750622  -1,0310320  -1,0362515  -1,0295151  -1,0292369  -1,0303637  -1,0317752  -1,0320155  -1,0304312  -1,0291239
600,0  -1,4557423  -0,9617849  -1,0215176  -1,0277992  -1,0289690  -1,0291026  -1,0299057  -1,0312708  -1,0319387  -1,0311829
610,0  -1,3764449  -0,9183380  -1,0186753  -1,0287391  -1,0299458  -1,0295165  -1,0291132  -1,0294353  -1,0302997  -1,0306358
620,0  -1,2983415  -0,9980296  -1,0330022  -1,0313056  -1,0306528  -1,0303026  -1,0297551  -1,0292103  -1,0291657  -1,0296038
630,0  -1,2206684  -1,0511310  -1,0431527  -1,0322775  -1,0304348  -1,0303581  -1,0303537  -1,0300413  -1,0296490  -1,0296394
640,0  -1,1429269  -1,0028929  -1,0315037  -1,0298006  -1,0297442  -1,0299538  -1,0302318  -1,0303976  -1,0303133  -1,0301247
650,0  -1,1128727  -0,9475570  -1,0196883  -1,0277058  -1,0294721  -1,0297721  -1,0298978  -1,0300960  -1,0302453  -1,0302066
660,0  -1,1419125  -0,9726093  -1,0248921  -1,0291773  -1,0299432  -1,0299511  -1,0298545  -1,0298331  -1,0299102  -1,0299955
670,0  -1,0533167  -1,0287523  -1,0383659  -1,0318766  -1,0304534  -1,0301368  -1,0300107  -1,0299057  -1,0298593  -1,0299106
680,0  -0,9523073  -1,0076281  -1,0353203  -1,0312966  -1,0302519  -1,0300814  -1,0300769  -1,0300558  -1,0300089  -1,0299919
690,0  -0,8015412  -0,9582978  -1,0244013  -1,0287502  -1,0296884  -1,0299233  -1,0300121  -1,0300613  -1,0300705  -1,0300496
700,0  1,9100543  -0,7213893  -1,0164334  -1,0283167  -1,0296616  -1,0299116  -1,0299612  -1,0299888  -1,0300129  -1,0300228
710,0  1,6884160  1,8353805  -0,5069442  -1,0108890  -1,0294782  -1,0300132  -1,0299865  -1,0299674  -1,0299687  -1,0299884
720,0  1,3162888  1,5815926  1,7981908  0,1768924  -0,9928071  -1,0288165  -1,0299780  -1,0299962  -1,0299860  -1,0299931
730,0  -2,0278715  0,9751188  1,5156660  1,7693221  1,7812276  -0,9381090  -1,0273805  -1,0299320  -1,0300091  -1,0300104
740,0  -1,9898710  -2,0128560  0,4806253  1,4477442  1,7291167  1,9079277  -0,8509474  -1,0242642  -1,0298349  -1,0300062
750,0  -1,9281605  -1,9613408  -2,0056638  -1,0103335  1,3593069  1,6819917  1,8730374  -0,7315213  -1,0190219  -1,0296443
760,0  -1,8745478  -1,8928989  -1,9493975  -2,0032622  -2,0255241  1,2383224  1,6310849  1,8353818  -0,5053988  -1,0103847
770,0  -1,8030699  -1,8225979  -1,8831019  -1,9385826  -1,9928949  -2,0276480  1,1004904  1,5759486  1,7986484  0,2104357
780,0  -1,7293343  -1,7504774  -1,8154227  -1,8720773  -1,9276119  -1,9820324  -2,0180588  0,9013920  1,5150469  1,7482905
790,0  -1,6525571  -1,6763812  -1,7463038  -1,8041907  -1,8608813  -1,9165215  -1,9711304  -2,0094052  0,4809678  1,4088971
800,0  -1,5487556  -1,5999470  -1,6756826  -1,7348613  -1,7927591  -1,8495621  -1,9053893  -1,9602477  -2,0112327  -1,8840365
810,0  -1,4586541  -1,5211739  -1,6035070  -1,6640319  -1,7231844  -1,7812007  -1,8381990  -1,8942142  -1,9487996  -1,9777837
820,0  -1,3791268  -1,4400695  -1,5297497  -1,5916576  -1,6521013  -1,7113768  -1,7695965  -1,8267911  -1,8825017  -1,9124858
830,0  -1,2981785  -1,3561504  -1,4544169  -1,5177186  -1,5794679  -1,6400363  -1,6995218  -1,7579456  -1,8148336  -1,8459040
840,0  -1,2170406  -1,2691348  -1,3775999  -1,4422467  -1,5052713  -1,5671407  -1,6279225  -1,6876184  -1,7457327  -1,7779869
850,0  -1,1422215  -1,1788444  -1,2995585  -1,3653750  -1,4295560  -1,4926844  -1,5547644  -1,6157592  -1,6751409  -1,7086889
860,0  -1,1836765  -1,0900829  -1,2210258  -1,2874481  -1,3524814  -1,4167258  -1,4800497  -1,5423383  -1,6030111  -1,6379766
870,0  -1,0960322  -0,9956502  -1,1433774  -1,2092688  -1,2744460  -1,3394531  -1,4038526  -1,4673668  -1,5293194  -1,5658391
880,0  -0,9886153  -0,8946691  -1,0700087  -1,1327384  -1,1963821  -1,2613265  -1,3263939  -1,3909370  -1,4540888  -1,4923088
890,0  -0,8393946  -0,7972261  -1,0106807  -1,0627351  -1,1205396  -1,1834235  -1,2482042  -1,3133062  -1,3774348  -1,4174970
900,0  1,8803837  -0,7583975  -0,9934672  -1,0124851  -1,0527873  -1,1083755  -1,1705295  -1,2350867  -1,2996636  -1,3416660
910,0  1,7232959  1,8719135  -0,8421106  -1,0000134  -1,0082101  -1,0431176  -1,0964506  -1,1577218  -1,2214953  -1,2653782
920,0  1,3797261  1,6366581  1,8741216  -0,7443263  -0,9978411  -1,0045619  -1,0341408  -1,0848287  -1,1446392  -1,1898334
930,0  -1,6462420  1,1675252  1,6325646  1,8386747  -0,5312595  -0,9928043  -1,0022433  -1,0260311  -1,0734345  -1,1177007
940,0  -1,9981319  -2,0204615  1,1041357  1,5808088  1,8005958  0,1579256  -0,9780722  -1,0011505  -1,0193369  -1,0552623
950,0  -1,9333755  -1,9725517  -2,0181287  0,9232290  1,5187149  1,7689684  1,7996739  -0,9235789  -1,0018344  -1,0164082
960,0  -1,8846013  -1,9044517  -1,9713187  -2,0101150  0,5205350  1,4469498  1,7261087  1,9044062  -0,8343370  -1,0100751
970,0  -1,8134587  -1,8344427  -1,9055625  -1,9611242  -2,0063489  -1,0539475  1,3532858  1,6764410  1,8678065  -0,7193941
980,0  -1,7401598  -1,7626378  -1,8383517  -1,8951456  -1,9498740  -2,0031989  -2,0285522  1,2247997  1,6237666  1,8290706
990,0  -1,6641749  -1,6888870  -1,7697217  -1,8277417  -1,8836057  -1,9384184  -1,9921704  -2,0266042  1,0774510  1,5406819
1000,0  -1,5826214  -1,6129963  -1,6996099  -1,7589161  -1,8159610  -1,8719099  -1,9268702  -1,9808095  -2,0172752  0,7219455
1010,0  -1,4675505  -1,5344108  -1,6279561  -1,6886093  -1,7468843  -1,8040199  -1,8601244  -1,9152677  -1,9692778  -1,9984218
1020,0  -1,3881301  -1,4537495  -1,5547283  -1,6167708  -1,6763170  -1,7346873  -1,7919863  -1,8482817  -1,9033958  -1,9335236
1030,0  -1,3071508  -1,3703187  -1,4799140  -1,5433704  -1,6042113  -1,6638547  -1,7223949  -1,7798932  -1,8361635  -1,8673585
1040,0  -1,2254903  -1,2838349  -1,4035696  -1,4684178  -1,5305421  -1,5914773  -1,6512946  -1,7100410  -1,7675177  -1,7998741
1050,0  -1,1466170  -1,1940459  -1,3258826  -1,3920031  -1,4553301  -1,5175359  -1,5786437  -1,6386712  -1,6973985  -1,7310225
1060,0  -1,1616500  -1,1028816  -1,2473483  -1,3143787  -1,3786863  -1,4420627  -1,5044297  -1,5657460  -1,6257541  -1,6607654
1070,0  -1,1261698  -1,0139328  -1,1692651  -1,2361505  -1,3009073  -1,3651922  -1,4286980  -1,4912604  -1,5525518  -1,5890832
1080,0  -1,0246054  -0,9169168  -1,0939088  -1,1587194  -1,2226925  -1,2872702  -1,3516098  -1,4152746  -1,4777963  -1,5159913
1090,0  -0,9003542  -0,8289295  -1,0286186  -1,0855974  -1,1456995  -1,2091081  -1,2735676  -1,3379802  -1,4015669  -1,4415703
1100,0  -0,4500892  -0,9468393  -1,0013976  -1,0265288  -1,0741426  -1,1326463  -1,1955131  -1,2598450  -1,3240943  -1,3660230
1110,0  1,7966693  -0,9788859  -1,0319971  -1,0044271  -1,0193656  -1,0628840  -1,1197224  -1,1819642  -1,2459310  -1,2897915
1120,0  1,5011675  -0,9914108  -1,0412809  -1,0231618  -1,0036655  -1,0129841  -1,0521310  -1,1070158  -1,1683737  -1,2138149
1130,0  0,7510957  -1,0575762  -1,0394034  -1,0402151  -1,0275667  -1,0059608  -1,0080472  -1,0420639  -1,0946335  -1,1401472
1140,0  -1,9981999  -1,1761862  -1,0408988  -1,0374638  -1,0421971  -1,0322822  -1,0096485  -1,0046788  -1,0332295  -1,0735493
1150,0  -1,9325533  -1,0941252  -1,0275240  -1,0282769  -1,0356122  -1,0421203  -1,0360379  -1,0142779  -1,0039948  -1,0251432
1160,0  -1,8833808  -1,0045479  -1,0153313  -1,0242764  -1,0265908  -1,0335396  -1,0413181  -1,0389400  -1,0205149  -1,0127549
1170,0  -1,8148301  -0,9282072  -1,0181555  -1,0282508  -1,0259998  -1,0258632  -1,0316848  -1,0399867  -1,0407085  -1,0298252
1180,0  -1,7422293  -0,9283393  -1,0294593  -1,0328487  -1,0304343  -1,0268422  -1,0254533  -1,0298304  -1,0371442  -1,0373783
1190,0  -1,6684113  -1,0496977  -1,0426592  -1,0330563  -1,0321854  -1,0309253  -1,0275918  -1,0252889  -1,0276626  -1,0314997
1200,0  -1,5898915  -1,0397538  -1,0383147  -1,0302245  -1,0305497  -1,0317851  -1,0313605  -1,0285431  -1,0260514  -1,0272363
1210,0  -1,4700542  -0,9729569  -1,0230655  -1,0275031  -1,0289622  -1,0301798  -1,0315991  -1,0318091  -1,0300972  -1,0288405
1220,0  -1,3898027  -0,9195504  -1,0178863  -1,0280997  -1,0292618  -1,0292217  -1,0299307  -1,0312699  -1,0318679  -1,0310361
1230,0  -1,3113159  -0,9781730  -1,0301795  -1,0310081  -1,0303856  -1,0296719  -1,0292202  -1,0295526  -1,0304420  -1,0307171
1240,0  -1,2338485  -1,0528472  -1,0433443  -1,0325629  -1,0306894  -1,0302797  -1,0297657  -1,0292471  -1,0292442  -1,0296793
1250,0  -1,1553356  -1,0125767  -1,0339338  -1,0303282  -1,0300131  -1,0302360  -1,0302912  -1,0299856  -1,0295998  -1,0296112
1260,0  -1,0930556  -0,9536646  -1,0206335  -1,0277363  -1,0294396  -1,0299107  -1,0302076  -1,0303612  -1,0302603  -1,0300745
1270,0  -1,1575474  -0,9608725  -1,0226788  -1,0286877  -1,0297516  -1,0298547  -1,0299309  -1,0301163  -1,0302555  -1,0302003
1280,0  -1,0733577  -1,0267786  -1,0372173  -1,0316268  -1,0303888  -1,0300328  -1,0298821  -1,0298592  -1,0299395  -1,0300103
1290,0  -0,9753469  -1,0154202  -1,0370173  -1,0316873  -1,0303688  -1,0301000  -1,0299966  -1,0299015  -1,0298620  -1,0299104
1300,0  -0,8454971  -0,9659237  -1,0257430  -1,0290663  -1,0297812  -1,0299855  -1,0300507  -1,0300396  -1,0299948  -1,0299783
1310,0  1,5772747  -0,8635246  -1,0198295  -1,0281968  -1,0296048  -1,0299176  -1,0300133  -1,0300594  -1,0300656  -1,0300406
1320,0  1,7442628  1,8801731  -0,7614181  -1,0206509  -1,0297719  -1,0299917  -1,0299833  -1,0299983  -1,0300190  -1,0300217
1330,0  1,4151086  1,6457290  1,8434382  -0,5829513  -1,0133005  -1,0294789  -1,0299750  -1,0299706  -1,0299729  -1,0299875
1340,0  -0,5879963  1,2046410  1,5889041  1,8075280  -0,0783233  -0,9984750  -1,0289178  -1,0299553  -1,0299826  -1,0299886
1350,0  -2,0031518  -2,0239841  0,9544043  1,5311946  1,7764764  1,5594917  -0,9546894  -1,0278176  -1,0299380  -1,0300030
1360,0  -1,9391049  -1,9750724  -2,0111550  0,6343007  1,4649182  1,7390776  1,9127575  -0,8722237  -1,0251373  -1,0298612
1370,0  -1,8890237  -1,9070111  -1,9627296  -2,0056269  -0,4610838  1,3826141  1,6928693  1,8813400  -0,7633608  -1,0204290
1380,0  -1,8179680  -1,8370644  -1,8967796  -1,9520474  -2,0051957  -2,0005955  1,2662300  1,6428483  1,8438742  -0,5762998
1390,0  -1,7447410  -1,7653265  -1,8293873  -1,8858325  -1,9411373  -1,9953188  -2,0297189  1,1345193  1,5887076  1,8008355
1400,0  -1,6687401  -1,6916474  -1,7605682  -1,8182342  -1,8746848  -1,9300936  -1,9844701  -2,0201849  0,9543462  1,4972500
1410,0  -1,5845302  -1,6158143  -1,6902597  -1,7492058  -1,8068531  -1,8634140  -1,9190096  -1,9735824  -2,0124624  0,2861348
1420,0  -1,4746700  -1,5373747  -1,6184043  -1,6786884  -1,7375813  -1,7953453  -1,8521016  -1,9078843  -1,9622467  -1,9910346
1430,0  -1,3954837  -1,4568108  -1,5449722  -1,6066337  -1,6668117  -1,7258263  -1,7837940  -1,8407454  -1,8962223  -1,9259936
1440,0  -1,3147597  -1,3734875  -1,4699579  -1,5330154  -1,5944986  -1,6548007  -1,7140261  -1,7721970  -1,8288407  -1,8596795
1450,0  -1,2334330  -1,2871246  -1,3934309  -1,4578515  -1,5206217  -1,5822261  -1,6427433  -1,7021784  -1,7600389  -1,7920404
1460,0  -1,1555826  -1,1974855  -1,3156051  -1,3812482  -1,4452100  -1,5080880  -1,5699065  -1,6306370  -1,6897576  -1,7230291
1470,0  -1,1880182  -1,1077471  -1,2370619  -1,3034924  -1,3683923  -1,4324280  -1,4955082  -1,5575376  -1,6179464  -1,6526088
1480,0  -1,1174431  -1,0157403  -1,1590939  -1,2252621  -1,2905023  -1,3553995  -1,4196038  -1,4828803  -1,5445755  -1,5807629
1490,0  -1,0134580  -0,9159148  -1,0843644  -1,1481393  -1,2123228  -1,2773884  -1,3423745  -1,4067361  -1,4696554  -1,5075126
1500,0  -0,8818469  -0,8163025  -1,0208100  -1,0761202  -1,1357213  -1,1992985  -1,2642661  -1,3293178  -1,3932771  -1,4329488
1510,0  0,2084591  -0,8118957  -0,9925907  -1,0200446  -1,0654894  -1,1233073  -1,1863219  -1,2511398  -1,3156951  -1,3572940
1520,0  1,7607494  -0,5097189  -1,0107479  -1,0032520  -1,0143799  -1,0550772  -1,1110836  -1,1734086  -1,2375149  -1,2810302
1530,0  1,4763803  1,7742608  -0,5479765  -1,0067475  -1,0045581  -1,0092867  -1,0452332  -1,0990994  -1,1601619  -1,2051823
1540,0  0,5506745  1,4891695  1,7981960  -0,2001091  -1,0007825  -1,0072803  -1,0055557  -1,0361043  -1,0871965  -1,1320043
1550,0  -1,9996932  0,2488919  1,5134524  1,7752469  0,8500070  -0,9812022  -1,0107161  -1,0033240  -1,0280835  -1,0667524
1560,0  -1,9492867  -1,9925939  0,5425519  1,4711372  1,7516268  1,8508366  -0,9347276  -1,0141588  -1,0037022  -1,0215506
1570,0  -1,9018053  -1,9414525  -2,0025397  -0,2415394  1,4105625  1,7201441  1,9089047  -0,8763459  -1,0180815  -1,0136730
1580,0  -1,8312400  -1,8724441  -1,9499301  -2,0040643  -1,8230386  1,3302121  1,6851910  1,8853141  -0,8082389  -1,0232205
1590,0  -1,7585053  -1,8016223  -1,8836716  -1,9423217  -1,9988818  -2,0310131  1,2427061  1,6487357  1,8585588  -0,7038686
1600,0  -1,6832565  -1,7289368  -1,8160007  -1,8758970  -1,9339027  -1,9908894  -2,0280900  1,1498091  1,6105328  1,8251536
1610,0  -1,6039118  -1,6542179  -1,7468896  -1,8080904  -1,8673017  -1,9255711  -1,9828537  -2,0210222  1,0349881  1,5345755
1620,0  -1,4872883  -1,5769039  -1,6762730  -1,7388445  -1,7993148  -1,8587986  -1,9173645  -1,9749350  -2,0148374  0,6798543
1630,0  -1,4082323  -1,4976220  -1,6041062  -1,6681016  -1,7298811  -1,7906325  -1,8504226  -1,9092745  -1,9666134  -1,9972248
1640,0  -1,3276282  -1,4157168  -1,5303530  -1,5958156  -1,6589439  -1,7210120  -1,7820795  -1,8421644  -1,9006773  -1,9323033
1650,0  -1,2460370  -1,3309180  -1,4550211  -1,5219651  -1,5864595  -1,6498815  -1,7122745  -1,7736460  -1,8333882  -1,8661138
1660,0  -1,1658767  -1,2429602  -1,3781999  -1,4465778  -1,5124113  -1,5771999  -1,6409535  -1,7036588  -1,7646830  -1,7986041
1670,0  -1,1180756  -1,1521377  -1,3001524  -1,3697791  -1,4368365  -1,5029555  -1,5680779  -1,6321497  -1,6945020  -1,7297263
1680,0  -1,1470166  -1,0640741  -1,2216570  -1,2918987  -1,3598800  -1,4271954  -1,4936413  -1,5590830  -1,6227940  -1,6594424
1690,0  -1,0491035  -0,9665557  -1,1438623  -1,2136977  -1,2819092  -1,3500841  -1,4177013  -1,4844580  -1,5495273  -1,5877331
1700,0  -0,9320454  -0,8627655  -1,0702872  -1,1369913  -1,2037855  -1,2720319  -1,3404440  -1,4083437  -1,4747087  -1,5146150
1710,0  -0,6611024  -0,7424550  -1,0098960  -1,0663959  -1,1275776  -1,1939990  -1,2623254  -1,3309490  -1,3984221  -1,4401701
1720,0  1,8576176  1,8895929  -0,8065113  -1,0090869  -1,0585339  -1,1183114  -1,1844143  -1,2527804  -1,3209073  -1,3646045
1730,0  1,5882780  1,6606572  1,8579754  -0,5251087  -0,9938122  -1,0505809  -1,1093126  -1,1750259  -1,2427376  -1,2883668
1740,0  1,0863730  1,2555724  1,6086343  1,8082777  1,1589016  -0,9469089  -1,0423651  -1,1005822  -1,1652611  -1,2124105
1750,0  -2,0310466  -2,0407238  1,0308087  1,5216731  1,7524844  1,9088159  -0,8036914  -1,0314359  -1,0917053  -1,1388220
1760,0  -1,9660856  -1,9923658  -2,0155772  0,5395158  1,4135358  1,6819458  1,8556575  -0,5117085  -1,0150005  -1,0720259
1770,0  -1,9047605  -1,9246226  -1,9666983  -2,0125396  -1,8775686  1,2514001  1,6051553  1,8057556  0,8871911  -0,9744105
1780,0  -1,8501284  -1,8552252  -1,9007808  -1,9503381  -1,9986494  -2,0283250  1,0178028  1,5205924  1,7586683  1,9148418
1790,0  -1,7779901  -1,7839630  -1,8334736  -1,8840729  -1,9334762  -1,9821500  -2,0148921  0,5299932  1,4242463  1,6749487
1800,0  -1,7035156  -1,7108029  -1,7647441  -1,8164379  -1,8668662  -1,9166301  -1,9659684  -2,0109396  -1,7222656  1,2466636
1810,0  -1,6258534  -1,6355760  -1,6945298  -1,7473711  -1,7988702  -1,8496728  -1,9000631  -1,9502116  -1,9998591  -2,0254128
1820,0  -1,5171482  -1,5578520  -1,6227737  -1,6768139  -1,7294271  -1,7813139  -1,8327620  -1,8839433  -1,9345946  -1,9610752
1830,0  -1,4281242  -1,4777195  -1,5494381  -1,6047183  -1,6584800  -1,7114925  -1,7640440  -1,8163058  -1,8680064  -1,8954519
1840,0  -1,3478283  -1,3951261  -1,4745237  -1,5310588  -1,5859856  -1,6401546  -1,6938492  -1,7472366  -1,8000344  -1,8285313
1850,0  -1,2662343  -1,3095596  -1,3980914  -1,4558551  -1,5119272  -1,5672617  -1,6221263  -1,6766771  -1,7306165  -1,7602630
1860,0  -1,1848896  -1,2207252  -1,3203434  -1,3792164  -1,4363425  -1,4928079  -1,5488431  -1,6045793  -1,6596964  -1,6906037
1870,0  -1,1118580  -1,1285161  -1,2417764  -1,3014346  -1,3593765  -1,4168515  -1,4740057  -1,5309182  -1,5872305  -1,6195247
1880,0  -1,1700898  -1,0400642  -1,1637415  -1,2232012  -1,2813973  -1,3395796  -1,3976966  -1,4557139  -1,5132028  -1,5470238
1890,0  -1,0848313  -0,9501994  -1,0891659  -1,1461474  -1,2032657  -1,2614505  -1,3201526  -1,3790767  -1,4376509  -1,4731492
1900,0  -0,9775131  -0,8679211  -1,0255587  -1,0743509  -1,1270423  -1,1835344  -1,2419400  -1,3013012  -1,3607205  -1,3980423
1910,0  -0,8411615  -0,9333170  -0,9991151  -1,0190034  -1,0580496  -1,1084375  -1,1643872  -1,2230823  -1,2827804  -1,3220232
1920,0  0,6973206  -1,0814056  -1,0381929  -1,0048852  -1,0104113  -1,0430140  -1,0907892  -1,1460644  -1,2046930  -1,2457734
1930,0  1,7414118  -0,6494406  -1,0286008  -1,0281852  -1,0074008  -1,0045708  -1,0299155  -1,0744067  -1,1285231  -1,1707561
1940,0  1,4494805  1,8165096  -0,4546769  -1,0201193  -1,0336661  -1,0136475  -1,0022547  -1,0192048  -1,0595887  -1,1002707
1950,0  0,2336595  1,5474557  1,7919292  0,0918531  -1,0076771  -1,0381643  -1,0210657  -1,0032943  -1,0118140  -1,0421228
1960,0  -1,9930937  0,8258144  1,5058651  1,7678204  1,4464914  -0,9727067  -1,0400135  -1,0281785  -1,0082886  -1,0124919
1970,0  -1,9461525  -2,0042095  0,3834375  1,4509997  1,7412869  1,9095416  -0,9097592  -1,0390738  -1,0344939  -1,0215851
1980,0  -1,8976188  -1,9522736  -2,0033069  -0,8517682  1,3841091  1,7055793  1,8970196  -0,8306286  -1,0344986  -1,0366467
1990,0  -1,8268262  -1,8835054  -1,9478244  -2,0030889  -1,9839658  1,2939809  1,6652016  1,8655362  -0,7135095  -1,0229902
2000,0  -1,7539164  -1,8129597  -1,8815070  -1,9392981  -1,9960128  -2,0315989  1,1934939  1,6204304  1,8310663  -0,4642157
2010,0  -1,6783865  -1,7405714  -1,8137930  -1,8728087  -1,9308363  -1,9874150  -2,0242631  1,0677721  1,5691843  1,7867196
2020,0  -1,5976617  -1,6661662  -1,7446373  -1,8049374  -1,8641721  -1,9220184  -1,9783880  -2,0160747  0,8689200  1,4746533
2030,0  -1,4837247  -1,5892475  -1,6739755  -1,7356241  -1,7961192  -1,8551725  -1,9128033  -1,9689683  -2,0107481  -0,1513271
2040,0  -1,4047353  -1,5103569  -1,6017628  -1,6648113  -1,7266167  -1,7869297  -1,8457669  -1,9031677  -1,9584925  -1,9873954
2050,0  -1,3241533  -1,4288774  -1,5279644  -1,5924539  -1,6556083  -1,7172293  -1,7773250  -1,8359308  -1,8923918  -1,9222841
2060,0  -1,2427471  -1,3445515  -1,4525906  -1,5185320  -1,5830511  -1,6460163  -1,7074173  -1,7672799  -1,8249302  -1,8558967
2070,0  -1,1635501  -1,2571320  -1,3757354  -1,4430764  -1,5089304  -1,5732505  -1,6359902  -1,6971548  -1,7560449  -1,7881815
2080,0  -1,1680548  -1,1679089  -1,2976836  -1,3662191  -1,4332870  -1,4989226  -1,5630068  -1,6255036  -1,6856767  -1,7190916
2090,0  -1,1334442  -1,0780458  -1,2191607  -1,2883022  -1,3562725  -1,4230840  -1,4884638  -1,5522929  -1,6137764  -1,6485912
2100,0  -1,0321496  -0,9791687  -1,1413779  -1,2101157  -1,2782697  -1,3459083  -1,4124249  -1,4775266  -1,5403155  -1,5766652
2110,0  -0,9088424  -0,8722638  -1,0679321  -1,1335488  -1,2001746  -1,2678250  -1,3350888  -1,4012825  -1,4653079  -1,5033376
2120,0  -0,4359767  -0,6876729  -1,0060149  -1,0633609  -1,1241441  -1,1898393  -1,2569389  -1,3237884  -1,3888511  -1,4287048
2130,0  1,8167230  1,8413606  -0,5088347  -0,9959554  -1,0553464  -1,1143869  -1,1791084  -1,2455913  -1,3112135  -1,3529997
2140,0  1,5284506  1,5907510  1,8055643  1,1973242  -0,9483622  -1,0463579  -1,1043453  -1,1679759  -1,2330312  -1,2767252
2150,0  0,8704845  1,0838606  1,5179839  1,7517754  1,9089786  -0,8072376  -1,0343356  -1,0940057  -1,1558027  -1,2009514
2160,0  -2,0193919  -2,0298859  0,4993168  1,4120042  1,6822099  1,8566646  -0,5278313  -1,0166925  -1,0828969  -1,1280309
2170,0  -1,9543425  -1,9785157  -2,0124491  -1,8898399  1,2514204  1,6066939  1,8071673  0,7975363  -0,9779427  -1,0623169
2180,0  -1,9048196  -1,9104466  -1,9500928  -1,9984243  -2,0283347  1,0231528  1,5235623  1,7607603  1,9165600  -0,8712880
2190,0  -1,8372402  -1,8406232  -1,8838061  -1,9332470  -1,9821958  -2,0150385  0,5590033  1,4282477  1,7010558  1,8768718
2200,0  -1,7647081  -1,7689806  -1,8161441  -1,8666321  -1,9166775  -1,9662595  -2,0107972  -1,6420937  1,2966670  1,6108825
2210,0  -1,6897449  -1,6954076  -1,7470437  -1,7986311  -1,8497212  -1,9003643  -1,9507147  -2,0006843  -2,0316101  1,0504176
2220,0  -1,6112134  -1,6197278  -1,6764437  -1,7291825  -1,7813633  -1,8330695  -1,8844582  -1,9355739  -1,9860082  -2,0120366
2230,0  -1,4937822  -1,5413349  -1,6042880  -1,6582297  -1,7115431  -1,7643580  -1,8168315  -1,8690061  -1,9204634  -1,9474009
2240,0  -1,4138354  -1,4608521  -1,5305525  -1,5857291  -1,6402062  -1,6941700  -1,7477736  -1,8010552  -1,8535845  -1,8815095
2250,0  -1,3332601  -1,3776668  -1,4552443  -1,5116642  -1,5673145  -1,6224541  -1,6772257  -1,7316590  -1,7853082  -1,8143099
2260,0  -1,2515489  -1,2914466  -1,3784530  -1,4360722  -1,4928617  -1,5491779  -1,6051400  -1,6607605  -1,7155733  -1,7457527
2270,0  -1,1706848  -1,2019025  -1,3004356  -1,3590979  -1,4169063  -1,4743474  -1,5314910  -1,5883158  -1,6443255  -1,6757971
2280,0  -1,1045695  -1,1091012  -1,2218112  -1,2811079  -1,3396351  -1,3980446  -1,4562983  -1,5143071  -1,5715255  -1,6044183
2290,0  -1,1586868  -1,0219579  -1,1443101  -1,2029650  -1,2615061  -1,3205054  -1,3796713  -1,4387696  -1,4971658  -1,5316227
2300,0  -1,0656685  -0,9315408  -1,0714549  -1,1267189  -1,1835888  -1,2422938  -1,3019026  -1,3618441  -1,4213015  -1,4574732
2310,0  -0,9551648  -0,8597300  -1,0133727  -1,0576293  -1,1084849  -1,1647333  -1,2236823  -1,2838889  -1,3441130  -1,3821397
2320,0  -0,8073972  -0,9933298  -1,0039568  -1,0101343  -1,0430484  -1,0911058  -1,1466433  -1,2057435  -1,2660436  -1,3059982
2330,0  1,8826506  -1,0266476  -1,0444305  -1,0093593  -1,0047326  -1,0301531  -1,0749131  -1,1294171  -1,1881289  -1,2298469
2340,0  1,6982407  -0,1948887  -1,0135001  -1,0334807  -1,0137026  -1,0023008  -1,0195033  -1,0600864  -1,1128818  -1,1554131
2350,0  1,3738060  1,7735544  0,9283812  -0,9880402  -1,0373869  -1,0208636  -1,0031669  -1,0113938  -1,0468763  -1,0866432
2360,0  -1,7346376  1,4519187  1,7520269  1,8715536  -0,9358619  -1,0389508  -1,0278386  -1,0067314  -1,0067563  -1,0328597
2370,0  -1,9858664  -0,0068270  1,4126481  1,7188194  1,9077227  -0,8684290  -1,0374875  -1,0336697  -1,0133924  -1,0115816
2380,0  -1,9354090  -2,0022654  -1,8234519  1,3274916  1,6819910  1,8802185  -0,7809161  -1,0333487  -1,0380634  -1,0258531
2390,0  -1,8853641  -1,9381900  -1,9989503  -2,0314302  1,2351826  1,6413933  1,8489855  -0,6418366  -1,0251960  -1,0371322
2400,0  -1,8142189  -1,8690103  -1,9339310  -1,9905408  -2,0274995  1,1298107  1,5965419  1,8163601  -0,3180770  -1,0081371
2410,0  -1,7408939  -1,7980946  -1,8673093  -1,9252127  -1,9820948  -2,0197323  0,9864055  1,5463839  1,7857042  0,9558268
2420,0  -1,6647815  -1,7253051  -1,7992959  -1,8584326  -1,9165883  -1,9733277  -2,0120363  0,7449543  1,4874312  1,7298946
2430,0  -1,5803826  -1,6504408  -1,7298273  -1,7902585  -1,8496303  -1,9076378  -1,9642180  -2,0058351  0,0883990  1,3737975
2440,0  -1,4701462  -1,5730791  -1,6588410  -1,7206295  -1,7812703  -1,8404945  -1,8983286  -1,9547999  -2,0087416  -2,0181202
2450,0  -1,3908649  -1,4936721  -1,5862948  -1,6494901  -1,7114478  -1,7719407  -1,8309913  -1,8886348  -1,9442134  -1,9733363
2460,0  -1,3100653  -1,4116247  -1,5121606  -1,5767991  -1,6401087  -1,7019166  -1,7622354  -1,8210951  -1,8778218  -1,9079520
2470,0  -1,2287176  -1,3266749  -1,4364619  -1,5025446  -1,5672146  -1,6303695  -1,6920012  -1,7521280  -1,8100555  -1,8412800
2480,0  -1,1510208  -1,2385961  -1,3593195  -1,4267737  -1,4927597  -1,5572643  -1,6202377  -1,6816743  -1,7408521  -1,7732694
2490,0  -1,1854284  -1,1501713  -1,2811036  -1,3496512  -1,4168026  -1,4826014  -1,5469134  -1,6096853  -1,6701541  -1,7038752
2500,0  -1,1158251  -1,0581057  -1,2025804  -1,2715871  -1,3395314  -1,4064522  -1,4720361  -1,5361335  -1,5979154  -1,6330649
2510,0  -1,0117566  -0,9579060  -1,1253109  -1,1935293  -1,2614062  -1,3290303  -1,3956913  -1,4610349  -1,5241145  -1,5608302
2520,0  -0,8787517  -0,8482612  -1,0536409  -1,1177685  -1,1835048  -1,2508524  -1,3181224  -1,3844917  -1,4487789  -1,4872070
2530,0  0,5391217  -0,5291093  -0,9933597  -1,0500972  -1,1084561  -1,1731307  -1,2399110  -1,3067814  -1,3720337  -1,4123145
2540,0  1,7706931  1,8010172  0,4112088  -0,9653151  -1,0420970  -1,0988344  -1,1624263  -1,2285621  -1,2942044  -1,3364294
2550,0  1,4575345  1,5253445  1,7668200  1,9161849  -0,8444066  -1,0315578  -1,0889906  -1,1513887  -1,2160557  -1,2601439
2560,0  0,3038451  0,8290257  1,4409779  1,6997913  1,8686780  -0,6074821  -1,0156980  -1,0788597  -1,1394029  -1,1847234
2570,0  -2,0073022  -2,0261474  -1,3607994  1,2993856  1,6241309  1,8159475  0,4015137  -0,9831635  -1,0679226  -1,1129727
2580,0  -1,9422089  -1,9657789  -2,0027063  -2,0315411  1,0821142  1,5402998  1,7696250  1,9148931  -0,8802255  -1,0481113
2590,0  -1,8946167  -1,8974103  -1,9376210  -1,9861221  -2,0178608  0,6960690  1,4444575  1,7079168  1,8810679  -0,7226571
2600,0  -1,8238480  -1,8272256  -1,8710781  -1,9206856  -1,9697881  -2,0109578  -1,2055786  1,3172539  1,6421902  1,8302158
2610,0  -1,7508986  -1,7552302  -1,8031482  -1,8538120  -1,9039799  -1,9536933  -2,0029563  -2,0324347  1,1344795  1,5427916
2620,0  -1,6754042  -1,6812739  -1,7337679  -1,7855405  -1,8367602  -1,8874980  -1,9379197  -1,9879790  -2,0210018  0,7361762
2630,0  -1,5957266  -1,6051707  -1,6628771  -1,7158100  -1,7681272  -1,8199349  -1,8714008  -1,9225803  -1,9730783  -1,9991985
2640,0  -1,4782280  -1,5262937  -1,5904218  -1,6445657  -1,6980208  -1,7509434  -1,8035004  -1,8557453  -1,9072732  -1,9343157
2650,0  -1,3989149  -1,4453516  -1,5163862  -1,5717677  -1,6263889  -1,6804644  -1,7341567  -1,7875148  -1,8401214  -1,8681667
2660,0  -1,3180644  -1,3616158  -1,4407862  -1,4974073  -1,5531977  -1,6084493  -1,6633128  -1,7178272  -1,7715599  -1,8006991
2670,0  -1,2362836  -1,2747882  -1,3637353  -1,4215367  -1,4784504  -1,5348714  -1,5909237  -1,6466274  -1,7015282  -1,7318650
2680,0  -1,1561620  -1,1845931  -1,2855386  -1,3443312  -1,4022232  -1,4597473  -1,5169706  -1,5738750  -1,6299741  -1,6616258
2690,0  -1,1113629  -1,0915323  -1,2069293  -1,2662226  -1,3247404  -1,3831809  -1,4414861  -1,4995604  -1,5568632  -1,5899616
2700,0  -1,1436096  -1,0051957  -1,1299770  -1,1882267  -1,2465406  -1,3054532  -1,3646056  -1,4237339  -1,4821972  -1,5168875
2710,0  -1,0461175  -0,9147581  -1,0587638  -1,1127741  -1,1688850  -1,2272279  -1,2866763  -1,3465674  -1,4060495  -1,4424828
2720,0  -0,9318441  -0,8581275  -1,0060857  -1,0462293  -1,0948849  -1,1500724  -1,2085120  -1,2684856  -1,3286383  -1,3669482
2730,0  -0,7614415  -1,0424726  -1,0115746  -1,0058375  -1,0328352  -1,0779334  -1,1320558  -1,1904811  -1,2504885  -1,2907212
2740,0  1,8915867  -0,9616086  -1,0451482  -1,0140428  -1,0026798  -1,0213559  -1,0622978  -1,1149581  -1,1728290  -1,2147307
2750,0  1,6573001  1,5094577  -0,9686873  -1,0354733  -1,0192304  -1,0027503  -1,0124325  -1,0482027  -1,0986835  -1,1410042
2760,0  1,2757933  1,7356981  1,9115156  -0,9069261  -1,0373721  -1,0265384  -1,0059411  -1,0063499  -1,0360491  -1,0742287
2770,0  -2,0304980  1,3518223  1,7026728  1,8964743  -0,8368480  -1,0361131  -1,0328033  -1,0113127  -1,0041205  -1,0253636
2780,0  -1,9856634  -1,9622846  1,2904721  1,6645820  1,8681480  -0,7415000  -1,0318590  -1,0374266  -1,0189627  -1,0123794
2790,0  -1,9249503  -1,9928787  -2,0313091  1,1915168  1,6243306  1,8377225  -0,5779088  -1,0242836  -1,0400717  -1,0296494
2800,0  -1,8721375  -1,9252686  -1,9868835  -2,0240836  1,0799255  1,5798731  1,8062470  -0,1729039  -1,0094067  -1,0366490
2810,0  -1,8006087  -1,8557683  -1,9214591  -1,9782918  -2,0166184  0,9200035  1,5299368  1,7784622  1,2436312  -0,9694380
2820,0  -1,7268243  -1,7845107  -1,8545796  -1,9127069  -1,9698067  -2,0094569  0,6274489  1,4724168  1,7474087  1,9120408
2830,0  -1,6500259  -1,7113495  -1,7862964  -1,8456685  -1,9040429  -1,9610078  -2,0044332  -0,2339854  1,3992688  1,6764087
2840,0  -1,5501817  -1,6359769  -1,7165456  -1,7772243  -1,8368249  -1,8950465  -1,9518909  -2,0054167  -1,9384786  1,2414352
2850,0  -1,4553775  -1,5582895  -1,6452681  -1,7073141  -1,7681932  -1,8276410  -1,8856833  -1,9423566  -1,9970151  -2,0253199
2860,0  -1,3757787  -1,4784035  -1,5724230  -1,6358842  -1,6980880  -1,7588137  -1,8180821  -1,8759278  -1,9316940  -1,9609873
2870,0  -1,2947663  -1,3958291  -1,4979896  -1,5628976  -1,6264573  -1,6885053  -1,7490507  -1,8081220  -1,8650459  -1,8953619
2880,0  -1,2135729  -1,3103023  -1,4220050  -1,4883507  -1,5532674  -1,6166655  -1,6785303  -1,7388772  -1,7970112  -1,8284390
2890,0  -1,1384147  -1,2216372  -1,3446177  -1,4123069  -1,4785215  -1,5432642  -1,6064728  -1,6681356  -1,7275279  -1,7601682
2900,0  -1,1825581  -1,1337619  -1,2662894  -1,3349647  -1,4022961  -1,4683118  -1,5328522  -1,5958512  -1,6565399  -1,6905065
2910,0  -1,0972593  -1,0397043  -1,1878147  -1,2568040  -1,3248162  -1,3918992  -1,4576871  -1,5220028  -1,5840048  -1,6194247
2920,0  -0,9902216  -0,9382123  -1,1111523  -1,1789405  -1,2466221  -1,3142812  -1,3810849  -1,4466186  -1,5099079  -1,5469210
2930,0  -0,8415985  -0,8244375  -1,0414134  -1,1040976  -1,1689833  -1,2360643  -1,3033344  -1,3698249  -1,4342905  -1,4730436
2940,0  1,8887089  0,1333473  -0,9730804  -1,0389990  -1,0950342  -1,1586785  -1,2251187  -1,2919503  -1,3573053  -1,3979341
2950,0  1,7213720  1,7668965  1,8893039  -0,8826840  -1,0300382  -1,0856402  -1,1480551  -1,2137675  -1,2793363  -1,3219133
2960,0  1,3751141  1,4526128  1,7166850  1,8826855  -0,6852621  -1,0161787  -1,0759883  -1,1371157  -1,2012825  -1,2456645
2970,0  -1,7779635  0,0584369  1,3469675  1,6440989  1,8277908  -0,0125317  -0,9902691  -1,0659377  -1,1252904  -1,1706555
2980,0  -1,9950797  -2,0199855  -2,0331743  1,1428362  1,5611733  1,7817674  1,8913948  -0,9004913  -1,0542363  -1,1001450
2990,0  -1,9300803  -1,9529857  -1,9905321  -2,0212516  0,8259240  1,4666782  1,7199834  1,8886519  -0,7437037  -1,0337330
3000,0  -1,8814840  -1,8843071  -1,9251733  -1,9738844  -2,0111013  -0,4678857  1,3474897  1,6527888  1,8392091  -0,4169271
3010,0  -1,8102616  -1,8137902  -1,8583737  -1,9081764  -1,9575205  -2,0061712  -2,0320983  1,1663014  1,5808134  1,7837084
3020,0  -1,7368769  -1,7414373  -1,7901751  -1,8410436  -1,8914053  -1,9413072  -1,9908047  -2,0225415  0,9205527  1,4703322
3030,0  -1,6608072  -1,6670920  -1,7205143  -1,7725014  -1,8239238  -1,8748578  -1,9254689  -1,9757324  -2,0135518  -0,2738860
3040,0  -1,5793623  -1,5905537  -1,6493324  -1,7024893  -1,7550173  -1,8070299  -1,8586942  -1,9100647  -1,9607450  -1,9870276
3050,0  -1,4633352  -1,5112256  -1,5765791  -1,6309543  -1,6846268  -1,7377620  -1,7905260  -1,8429711  -1,8946904  -1,9219095
3060,0  -1,3837843  -1,4297821  -1,5022450  -1,5578610  -1,6127025  -1,6669965  -1,7209034  -1,7744701  -1,8272770  -1,8555152
3070,0  -1,3026778  -1,3454862  -1,4263586  -1,4832091  -1,5392160  -1,5946877  -1,6497707  -1,7045009  -1,7584422  -1,7877928
3080,0  -1,2209017  -1,2580420  -1,3490600  -1,4070681  -1,4641805  -1,5208149  -1,5770868  -1,6330103  -1,6881265  -1,7186956
3090,0  -1,1419220  -1,1671975  -1,2707094  -1,3296478  -1,3876929  -1,4454071  -1,5028400  -1,5599625  -1,6162801  -1,6481877
3100,0  -1,1527190  -1,0748871  -1,1921885  -1,2514556  -1,3100196  -1,3685923  -1,4270773  -1,4853559  -1,5428737  -1,5762544
3110,0  -1,1267579  -0,9881970  -1,1159060  -1,1736864  -1,2317924  -1,2907027  -1,3499630  -1,4092581  -1,4679191  -1,5029201
3120,0  -1,0260281  -0,8986950  -1,0467338  -1,0992294  -1,1544982  -1,2125168  -1,2719058  -1,3318750  -1,3915096  -1,4282813
3130,0  -0,9071764  -0,8664555  -1,0008518  -1,0357923  -1,0818610  -1,1358887  -1,1938614  -1,2537056  -1,3139049  -1,3525720
3140,0  -0,6876372  -1,0772416  -1,0208341  -1,0035598  -1,0238777  -1,0655601  -1,1181366  -1,1759176  -1,2357209  -1,2762969
3150,0  1,8501811  -0,8949147  -1,0429229  -1,0191607  -1,0025873  -1,0141266  -1,0507419  -1,1013762  -1,1584063  -1,2005285
3160,0  1,6094302  1,9055358  -0,8783781  -1,0347121  -1,0247388  -1,0050189  -1,0072284  -1,0376610  -1,0855781  -1,1276315
3170,0  1,1489866  1,6841021  1,8842876  -0,7993288  -1,0341203  -1,0314999  -1,0100976  -1,0033826  -1,0268547  -1,0631270
3180,0  -2,0199047  1,2453014  1,6471616  1,8549428  -0,6906111  -1,0298852  -1,0365791  -1,0166133  -1,0035882  -1,0196575
3190,0  -1,9750609  -2,0276464  1,1469695  1,6054426  1,8254123  -0,4874010  -1,0216785  -1,0397652  -1,0244449  -1,0144502
3200,0  -1,9216245  -1,9802843  -2,0208458  1,0184839  1,5611843  1,7955822  0,0756289  -1,0054258  -1,0406208  -1,0326923
3210,0  -1,8587907  -1,9122897  -1,9746311  -2,0133453  0,8316927  1,5113674  1,7702495  1,5792442  -0,9613732  -1,0349434
3220,0  -1,7868662  -1,8424683  -1,9089516  -1,9660146  -2,0068641  0,4507725  1,4532829  1,7383502  1,9135259  -0,8797754
3230,0  -1,7125983  -1,7708637  -1,8418125  -1,9001699  -1,9575172  -2,0039020  -0,7949123  1,3785348  1,6961284  1,8827153
3240,0  -1,6349941  -1,6973240  -1,7732575  -1,8328712  -1,8914728  -1,9487241  -2,0036497  -2,0024479  1,2722581  1,6189268
3250,0  -1,5205558  -1,6213564  -1,7032216  -1,7641551  -1,8239927  -1,8824413  -1,9395266  -1,9951581  -2,0304077  1,0742346
3260,0  -1,4404816  -1,5434178  -1,6316526  -1,6939620  -1,7550875  -1,8147722  -1,8730412  -1,9299308  -1,9847959  -2,0133172
3270,0  -1,3605747  -1,4630441  -1,5585082  -1,6222407  -1,6846982  -1,7456700  -1,8051750  -1,8632470  -1,9192265  -1,9487057
3280,0  -1,2793863  -1,3799334  -1,4837771  -1,5489587  -1,6127753  -1,6750762  -1,7358670  -1,7951745  -1,8523217  -1,8828396
3290,0  -1,1984986  -1,2938215  -1,4075118  -1,4741219  -1,5392902  -1,6029434  -1,6650600  -1,7256516  -1,7840183  -1,8156661
3300,0  -1,1282074  -1,2046056  -1,3298931  -1,3978120  -1,4642563  -1,5292470  -1,5927088  -1,6546220  -1,7142552  -1,7471360
3310,0  -1,1711344  -1,1168241  -1,2514766  -1,3202668  -1,3877707  -1,4540089  -1,5187935  -1,5820432  -1,6429782  -1,6772080
3320,0  -1,0781975  -1,0210750  -1,1731207  -1,2420468  -1,3101007  -1,3773424  -1,4433454  -1,5079009  -1,5701484  -1,6058570
3330,0  -0,9676541  -0,9182069  -1,0972358  -1,1644675  -1,2318803  -1,2995492  -1,3664966  -1,4322370  -1,4957592  -1,5330885
3340,0  -0,7913720  -0,7972975  -1,0297851  -1,0907732  -1,1546070  -1,2213410  -1,2885884  -1,3552054  -1,4198673  -1,4589640
3350,0  1,9038003  1,8175038  -0,9081142  -1,0279098  -1,0820139  -1,1444078  -1,2104222  -1,2771934  -1,3426569  -1,3836504
3360,0  1,6685492  1,7189978  1,8954938  -0,7500358  -1,0162217  -1,0728594  -1,1339113  -1,1991082  -1,2645796  -1,3075185
3370,0  1,2761382  1,3685250  1,6623520  1,8414018  -0,2986545  -0,9953391  -1,0633676  -1,1231254  -1,1866917  -1,2313559
3380,0  -2,0452709  -1,9706463  1,2048558  1,5832412  1,7940597  1,7672143  -0,9240539  -1,0528389  -1,1115226  -1,1568658
3390,0  -1,9827785  -2,0075286  -2,0250583  0,9314989  1,4906102  1,7339701  1,8979723  -0,7741009  -1,0389052  -1,0877808
3400,0  -1,9182827  -1,9401293  -1,9782930  -2,0125343  0,1164196  1,3778078  1,6658842  1,8471200  -0,4674177  -1,0158308
3410,0  -1,8681946  -1,8711331  -1,9126713  -1,9616375  -2,0095276  -2,0192234  1,2039321  1,5926506  1,8006242  0,8537227
3420,0  -1,7965873  -1,8002806  -1,8456124  -1,8956123  -1,9451479  -1,9941377  -2,0250778  0,9705826  1,5126737  1,7344873
3430,0  -1,7227501  -1,7275644  -1,7771426  -1,8282183  -1,8787769  -1,9288704  -1,9785662  -2,0128180  0,4452851  1,3849580
3440,0  -1,6460501  -1,6528231  -1,7071990  -1,7594032  -1,8110313  -1,8621657  -1,9129728  -1,9634948  -2,0125552  -2,0057371
3450,0  -1,5607057  -1,5758249  -1,6357242  -1,6891074  -1,7418491  -1,7940708  -1,8459397  -1,8975099  -1,9483829  -1,9748366
3460,0  -1,4484496  -1,4960605  -1,5626721  -1,6172803  -1,6711725  -1,7245245  -1,7775017  -1,8301555  -1,8820767  -1,9094818
3470,0  -1,3685823  -1,4141007  -1,4880403  -1,5438914  -1,5989547  -1,6534707  -1,7075981  -1,7613819  -1,8143999  -1,8428407
3480,0  -1,2872480  -1,3292337  -1,4118721  -1,4689502  -1,5251730  -1,5808673  -1,6361752  -1,6911294  -1,7452901  -1,7748623
3490,0  -1,2055753  -1,2411626  -1,3343376  -1,3925455  -1,4498525  -1,5067005  -1,5631960  -1,6193470  -1,6746889  -1,7055012
3500,0  -1,1283726  -1,1496767  -1,2558617  -1,3149275  -1,3731134  -1,4310132  -1,4886571  -1,5460036  -1,6025496  -1,6347247
3510,0  -1,1729484  -1,0590335  -1,1775295  -1,2366919  -1,2952708  -1,3539612  -1,4126217  -1,4711076  -1,5288484  -1,5625236
3520,0  -1,1089317  -0,9710115  -1,1020523  -1,1592445  -1,2170657  -1,2759358  -1,3352874  -1,3947455  -1,4536086  -1,4889326
3530,0  -1,0053758  -0,8838244  -1,0354306  -1,0860352  -1,1402555  -1,1978509  -1,2571344  -1,3171628  -1,3769465  -1,4140682
3540,0  -0,8807844  -0,8887292  -0,9981440  -1,0264102  -1,0693113  -1,1219058  -1,1792863  -1,2389451  -1,2991694  -1,3382019
3550,0  -0,5274430  -1,0938578  -1,0301919  -1,0032955  -1,0162265  -1,0538103  -1,1044897  -1,1614680  -1,2209995  -1,2619150
3560,0  1,8062680  -0,8136889  -1,0382989  -1,0242403  -1,0043245  -1,0084621  -1,0399914  -1,0881565  -1,1441485  -1,1864478
3570,0  1,5478390  1,8678912  -0,7573188  -1,0307655  -1,0297896  -1,0088210  -1,0038182  -1,0281386  -1,0729540  -1,1145634
3580,0  0,9609106  1,6270694  1,8419799  -0,6202848  -1,0271186  -1,0355036  -1,0152469  -1,0023365  -1,0189308  -1,0527654
3590,0  -2,0084830  1,1070102  1,5865026  1,8119897  -0,3460382  -1,0178628  -1,0391255  -1,0222580  -1,0049125  -1,0154224
3600,0  -1,9628605  -2,0164503  0,9478290  1,5400855  1,7844143  0,4954954  -0,9970558  -1,0407000  -1,0295989  -1,0174835
3610,0  -1,9154475  -1,9676038  -2,0103865  0,7047970  1,4898586  1,7606616  1,8095760  -0,9448166  -1,0393507  -1,0350146
3620,0  -1,8453753  -1,8992429  -1,9623317  -2,0045061  0,1495134  1,4302275  1,7267493  1,9100642  -0,8674153  -1,0309383
3630,0  -1,7730432  -1,8290954  -1,8963865  -1,9537170  -2,0042505  -1,4871322  1,3492541  1,6860604  1,8792376  -0,7564787
3640,0  -1,6982637  -1,7571384  -1,8289850  -1,8875751  -1,9452072  -2,0011169  -2,0275194  1,2464796  1,6397730  1,8391850
3650,0  -1,6196453  -1,6832122  -1,7601557  -1,8200134  -1,8788442  -1,9363289  -1,9923726  -2,0283563  1,1247515  1,5558532
3660,0  -1,5042061  -1,6067898  -1,6898334  -1,7510230  -1,8110998  -1,8697777  -1,9270826  -1,9829463  -2,0200004  0,8146021
3670,0  -1,4255253  -1,5284471  -1,6179703  -1,6805451  -1,7419189  -1,8018428  -1,8603411  -1,9174498  -1,9725212  -2,0012177
3680,0  -1,3453249  -1,4475766  -1,5445258  -1,6085309  -1,6712436  -1,7324634  -1,7922075  -1,8505087  -1,9067046  -1,9363735
3690,0  -1,2640087  -1,3639195  -1,4694985  -1,5349533  -1,5990271  -1,6615823  -1,7226208  -1,7821672  -1,8395407  -1,8702646
3700,0  -1,1836390  -1,2772151  -1,3929582  -1,4598290  -1,5252469  -1,5891553  -1,6515253  -1,7123639  -1,7709665  -1,8028387
3710,0  -1,1264228  -1,1875692  -1,3151247  -1,3832609  -1,4499280  -1,5151643  -1,5788793  -1,6410446  -1,7009215  -1,7340476
3720,0  -1,1559981  -1,0994177  -1,2366453  -1,3055313  -1,3731910  -1,4396440  -1,5046702  -1,5681707  -1,6293537  -1,6638523
3730,0  -1,0586760  -1,0022037  -1,1584944  -1,2272961  -1,2953520  -1,3627336  -1,4289433  -1,4937357  -1,5562288  -1,5922321
3740,0  -0,9436918  -0,8977884  -1,0835903  -1,1501084  -1,2171553  -1,2847891  -1,3518593  -1,4177970  -1,4815490  -1,5192007
3750,0  -0,7109458  -0,7628097  -1,0187533  -1,0778410  -1,1403714  -1,2066458  -1,2738201  -1,3405405  -1,4053887  -1,4448346
3760,0  1,8739023  1,8938480  -0,7964973  -1,0154802  -1,0694062  -1,1303055  -1,1957670  -1,2624214  -1,3279682  -1,3693295
3770,0  1,6115177  1,6658081  1,8544149  -0,4866030  -0,9987129  -1,0604648  -1,1199668  -1,1845064  -1,2498179  -1,2931133
3780,0  1,1483075  1,2667458  1,6034372  1,8053144  1,3105204  -0,9477415  -1,0508007  -1,1093670  -1,1721809  -1,2170943
3790,0  -2,0353700  -2,0432633  1,0154166  1,5154912  1,7495080  1,9081920  -0,8080541  -1,0382090  -1,0980025  -1,1432525
3800,0  -1,9704629  -1,9949152  -2,0152570  0,4746991  1,4079244  1,6809679  1,8568455  -0,5410864  -1,0204319  -1,0757728
3810,0  -1,9077906  -1,9272221  -1,9660545  -2,0120384  -1,9231998  1,2471240  1,6070444  1,8078773  0,6317172  -0,9824706
3820,0  -1,8548346  -1,8578967  -1,9001199  -1,9492850  -1,9979113  -2,0280462  1,0242271  1,5261102  1,7639260  1,9123673
3830,0  -1,7828341  -1,7867036  -1,8327996  -1,8829985  -1,9327235  -1,9819078  -2,0149744  0,5830336  1,4339681  1,6818732
3840,0  -1,7085246  -1,7136184  -1,7640564  -1,8153411  -1,8660980  -1,9163845  -1,9663144  -2,0102664  -1,5065027  1,2656730
3850,0  -1,6311155  -1,6384738  -1,6938279  -1,7462509  -1,7980859  -1,8494222  -1,9004262  -1,9511527  -2,0012058  -2,0268614
3860,0  -1,5295253  -1,5609138  -1,6220579  -1,6756695  -1,7286260  -1,7810580  -1,8331326  -1,8849037  -1,9359709  -1,9625982
3870,0  -1,4335079  -1,4808011  -1,5487073  -1,6035491  -1,6576615  -1,7112311  -1,7644225  -1,8172863  -1,8694109  -1,8970047
3880,0  -1,3533258  -1,3983146  -1,4737792  -1,5298648  -1,5851493  -1,6398875  -1,6942359  -1,7482380  -1,8014684  -1,8301151
3890,0  -1,2717993  -1,3128657  -1,3973349  -1,4546372  -1,5110732  -1,5669889  -1,6225214  -1,6777002  -1,7320813  -1,7618789
3900,0  -1,1903602  -1,2241584  -1,3195788  -1,3779774  -1,4354717  -1,4925294  -1,5492467  -1,6056247  -1,6611929  -1,6922526
3910,0  -1,1160740  -1,1320554  -1,2410116  -1,3001817  -1,3584917  -1,4165677  -1,4744177  -1,5319860  -1,5887596  -1,6212070
3920,0  -1,1726639  -1,0431285  -1,1629731  -1,2219500  -1,2805047  -1,3392917  -1,3981162  -1,4568033  -1,5147643  -1,5487391
3930,0  -1,0904610  -0,9537642  -1,0884801  -1,1449376  -1,2023802  -1,2611611  -1,3205780  -1,3801851  -1,4392432  -1,4748955
3940,0  -0,9840734  -0,8709939  -1,0250460  -1,0732813  -1,1262007  -1,1832502  -1,2423669  -1,3024226  -1,3623388  -1,3998147
3950,0  -0,8518988  -0,9270413  -0,9984967  -1,0183086  -1,0573492  -1,1081754  -1,1648058  -1,2242023  -1,2844135  -1,3238111
3960,0  0,0434465  -1,0904490  -1,0382055  -1,0049286  -1,0100901  -1,0428215  -1,0911755  -1,1471490  -1,2063148  -1,2475544
3970,0  1,7602640  -0,6871447  -1,0311217  -1,0288419  -1,0076639  -1,0045467  -1,0302078  -1,0753687  -1,1300699  -1,1724812
3980,0  1,4787141  1,8254583  -0,5264951  -1,0224706  -1,0339683  -1,0137486  -1,0023143  -1,0198169  -1,0608938  -1,1018275
3990,0  0,5730636  1,5632949  1,7992842  -0,1023420  -1,0119533  -1,0382656  -1,0208714  -1,0031956  -1,0124640  -1,0432465
4000,0  -1,9974412  0,8901001  1,5189662  1,7734017  1,1221007  -0,9830663  -1,0401329  -1,0277367  -1,0078951  -1,0127329
4010,0  -1,9507374  -2,0060363  0,5287928  1,4651741  1,7485364  1,8955871  -0,9232250  -1,0394521  -1,0340290  -1,0211161
4020,0  -1,9025425  -1,9548320  -2,0034354  -0,4151030  1,4017173  1,7134116  1,9024449  -0,8465904  -1,0352556  -1,0365102
4030,0  -1,8318883  -1,8861358  -1,9500334  -2,0040195  -1,9046141  1,3140871  1,6732393  1,8714114  -0,7376724  -1,0241691
4040,0  -1,7591350  -1,8156573  -1,8837719  -1,9413760  -1,9978785  -2,0320685  1,2139836  1,6288157  1,8369532  -0,5202944
4050,0  -1,6838083  -1,7433421  -1,8161056  -1,8749303  -1,9327895  -1,9892297  -2,0258293  1,0934897  1,5781977  1,7932549
4060,0  -1,6037321  -1,6690199  -1,7469998  -1,8071036  -1,8661655  -1,9238713  -1,9801380  -2,0175438  0,9105373  1,4851946
4070,0  -1,4893748  -1,5921822  -1,6763898  -1,7378367  -1,7981546  -1,8570636  -1,9145896  -1,9706810  -2,0113864  0,0803563
4080,0  -1,4105086  -1,5133851  -1,6042303  -1,6670721  -1,7286959  -1,7888608  -1,8475902  -1,9049199  -1,9601995  -1,9890736
4090,0  -1,3300329  -1,4320089  -1,5304857  -1,5947640  -1,6577328  -1,7192021  -1,7791870  -1,8377193  -1,8941334  -1,9239948
4100,0  -1,2486504  -1,3477958  -1,4551644  -1,5208914  -1,5852219  -1,6480320  -1,7093195  -1,7691065  -1,8267082  -1,8576413
4110,0  -1,1691087  -1,2604938  -1,3783565  -1,4454830  -1,5111473  -1,5753101  -1,6379339  -1,6990209  -1,7578608  -1,7899613
4120,0  -1,1582964  -1,1709818  -1,3003326  -1,3686662  -1,4355474  -1,5010256  -1,5649926  -1,6274105  -1,6875320  -1,7209077
4130,0  -1,1391169  -1,0816447  -1,2218169  -1,2907741  -1,3585697  -1,4252277  -1,4904912  -1,5542410  -1,6156721  -1,6504443
4140,0  -1,0386566  -0,9830988  -1,1439717  -1,2125757  -1,2805868  -1,3480853  -1,4144908  -1,4795151  -1,5422520  -1,5785553
4150,0  -0,9176778  -0,8768213  -1,0702885  -1,1359074  -1,2024725  -1,2700176  -1,3371851  -1,4033079  -1,4672841  -1,5052634
4160,0  -0,5398832  -0,7096195  -1,0081598  -1,0653952  -1,1263262  -1,1920058  -1,2590465  -1,3258418  -1,3908627  -1,4306624
4170,0  1,8307655  1,8533943  -0,6064377  -1,0005222  -1,0572564  -1,1164251  -1,1811820  -1,2476513  -1,3132501  -1,3549804
4180,0  1,5492075  1,6083043  1,8150832  0,5350867  -0,9662704  -1,0483575  -1,1062779  -1,1699924  -1,2350684  -1,2787107
4190,0  0,9575461  1,1330162  1,5385657  1,7659600  1,9161426  -0,8434596  -1,0371039  -1,0958807  -1,1577828  -1,2029021
4200,0  -2,0231756  -2,0327235  0,6827865  1,4376704  1,6977355  1,8682193  -0,6148884  -1,0209394  -1,0847487  -1,1298591
4210,0  -1,9581509  -1,9822799  -2,0122978  -1,4239399  1,2944164  1,6235644  1,8165518  0,2816899  -0,9904647  -1,0640521
4220,0  -1,9049186  -1,9142965  -1,9537318  -2,0019667  -2,0312095  1,0799475  1,5421670  1,7725469  1,9075048  -0,8967691
4230,0  -1,8414045  -1,8445979  -1,8875200  -1,9368762  -1,9856964  -2,0176598  0,7095992  1,4500267  1,7139655  1,8868284
4240,0  -1,7689995  -1,7730592  -1,8199360  -1,8703358  -1,9202520  -1,9696564  -2,0102451  -1,0119783  1,3305492  1,6250299
4250,0  -1,6941940  -1,6995991  -1,7509171  -1,8024127  -1,8533696  -1,9038509  -1,9540187  -2,0037368  -2,0328089  1,0971506
4260,0  -1,6159524  -1,6240435  -1,6804018  -1,7330454  -1,7850889  -1,8366285  -1,8878309  -1,9387511  -1,9889963  -2,0148958
4270,0  -1,4994089  -1,5458152  -1,6083338  -1,6621767  -1,7153490  -1,7679928  -1,8202748  -1,8722484  -1,9235115  -1,9503151
4280,0  -1,4185034  -1,4654462  -1,5346859  -1,5897621  -1,6440952  -1,6978835  -1,7512904  -1,8043657  -1,8566954  -1,8844810
4290,0  -1,3380193  -1,3824229  -1,4594637  -1,5157830  -1,5712879  -1,6262486  -1,6808190  -1,7350406  -1,7884849  -1,8173409
4300,0  -1,2563449  -1,2963814  -1,3827502  -1,4402727  -1,4969187  -1,5530544  -1,6088117  -1,6642157  -1,7188185  -1,7488454
4310,0  -1,1753147  -1,2070303  -1,3047894  -1,3633677  -1,4210411  -1,4783042  -1,5352415  -1,5918462  -1,6476414  -1,6789529
4320,0  -1,1064815  -1,1143704  -1,2261711  -1,2854177  -1,3438326  -1,4020745  -1,4601251  -1,5179127  -1,5749134  -1,6076379
4330,0  -1,1627103  -1,0268694  -1,1485314  -1,2072456  -1,2657304  -1,3245900  -1,3835655  -1,4424470  -1,5006250  -1,5349048
4340,0  -1,0714779  -0,9365995  -1,0752616  -1,1308036  -1,1877557  -1,2463902  -1,3058424  -1,3655826  -1,4248274  -1,4608133
4350,0  -0,9619898  -0,8615712  -1,0158200  -1,0610713  -1,1123833  -1,1687398  -1,2276173  -1,2876632  -1,3476929  -1,3855267
4360,0  -0,8187693  -0,9775222  -1,0022213  -1,0117296  -1,0461071  -1,0947611  -1,1504514  -1,2094946  -1,2696478  -1,3094086
4370,0  1,7539686  -1,0468926  -1,0435758  -1,0081720  -1,0056592  -1,0327548  -1,0782751  -1,1330000  -1,1916876  -1,2332308
4380,0  1,7125939  -0,3902867  -1,0192197  -1,0326073  -1,0122371  -1,0025150  -1,0215800  -1,0631152  -1,1162201  -1,1586600
4390,0  1,4000471  1,7841037  0,3077038  -1,0017445  -1,0368995  -1,0192959  -1,0027337  -1,0129015  -1,0495253  -1,0894943
4400,0  -1,0382302  1,4829516  1,7635605  1,6759260  -0,9614248  -1,0392430  -1,0264407  -1,0058099  -1,0076500  -1,0347142
4410,0  -1,9878154  0,3691382  1,4402874  1,7338499  1,9128127  -0,8981520  -1,0385728  -1,0325965  -1,0121926  -1,0116131
4420,0  -1,9388782  -2,0018256  -1,2314368  1,3662408  1,6982572  1,8924049  -0,8193379  -1,0351940  -1,0374353  -1,0249551
4430,0  -1,8893581  -1,9420460  -2,0021130  -2,0158371  1,2753076  1,6586100  1,8615911  -0,7046373  -1,0280353  -1,0371370
4440,0  -1,8183272  -1,8729681  -1,9376526  -1,9941758  -2,0305219  1,1762882  1,6148566  1,8288652  -0,4733529  -1,0130422
4450,0  -1,7451372  -1,8021539  -1,8711080  -1,9289396  -1,9857491  -2,0229744  1,0499978  1,5661340  1,7958770  0,3431704
4460,0  -1,6692157  -1,7294747  -1,8031749  -1,8622362  -1,9203182  -1,9769792  -2,0150493  0,8559063  1,5094170  1,7446056
4470,0  -1,5863696  -1,6547401  -1,7337902  -1,7941424  -1,8534373  -1,9113659  -1,9678574  -2,0078746  0,4200103  1,4021286
4480,0  -1,4746162  -1,5774963  -1,6628908  -1,7245971  -1,7851578  -1,8442999  -1,9020490  -1,9584180  -2,0109121  -1,9359886
4490,0  -1,3954328  -1,4982313  -1,5904338  -1,6535441  -1,7154192  -1,7758269  -1,8347893  -1,8923418  -1,9478315  -1,9768859
4500,0  -1,3147046  -1,4163400  -1,5163892  -1,5809413  -1,6441667  -1,7058868  -1,7661142  -1,8248795  -1,8815138  -1,9115706
4510,0  -1,2333350  -1,3315615  -1,4407769  -1,5067745  -1,5713607  -1,6344263  -1,6959640  -1,7559932  -1,8138248  -1,8449706
4520,0  -1,1551061  -1,2436611  -1,3637101  -1,4310863  -1,4969930  -1,5614090  -1,6242870  -1,6856234  -1,7447022  -1,7770347
4530,0  -1,1832894  -1,1549932  -1,2855331  -1,3540322  -1,4211171  -1,4868326  -1,5510502  -1,6137206  -1,6740878  -1,7077174
4540,0  -1,1212936  -1,0635712  -1,2070061  -1,2760033  -1,3439112  -1,4107629  -1,4762583  -1,5402556  -1,6019348  -1,6369852
4550,0  -1,0180578  -0,9637503  -1,1295841  -1,1979028  -1,2658138  -1,3334027  -1,3999910  -1,4652413  -1,5282199  -1,5648282
4560,0  -0,8884322  -0,8550226  -1,0574034  -1,1219069  -1,1878516  -1,2552445  -1,3224796  -1,3887731  -1,4529668  -1,4912791
4570,0  0,0623964  -0,5960127  -0,9971491  -1,0535239  -1,1125203  -1,1774430  -1,2442786  -1,3111153  -1,3762933  -1,4164510
4580,0  1,7849133  1,8122495  -0,0331502  -0,9773398  -1,0455464  -1,1028192  -1,1666921  -1,2328955  -1,2985095  -1,3406088
4590,0  1,4799643  1,5454525  1,7804160  1,9019274  -0,8792496  -1,0356614  -1,0928907  -1,1555948  -1,2203453  -1,2643211
4600,0  0,5576762  0,9248239  1,4651952  1,7156448  1,8810420  -0,6826517  -1,0211769  -1,0826842  -1,1435298  -1,1888006
4610,0  -2,0109537  -2,0257798  -0,5422693  1,3387492  1,6418101  1,8271724  -0,0413323  -0,9956112  -1,0717246  -1,1167309
4620,0  -1,9458707  -1,9695974  -2,0062692  -2,0328483  1,1364643  1,5604950  1,7826338  1,8749904  -0,9122345  -1,0519264
4630,0  -1,8984130  -1,9013196  -1,9413378  -1,9897802  -2,0208373  0,8222684  1,4687653  1,7235434  1,8932383  -0,7725904
4640,0  -1,8279025  -1,8312359  -1,8748713  -1,9244204  -1,9734484  -2,0106623  -0,4015251  1,3546203  1,6593420  1,8435300
4650,0  -1,7550805  -1,7593464  -1,8070214  -1,8576239  -1,9077332  -1,9573855  -2,0064241  -2,0307746  1,1831344  1,5626115
4660,0  -1,6797500  -1,6855054  -1,7377246  -1,7894329  -1,8405914  -1,8912688  -1,9416299  -1,9916246  -2,0240053  0,8513406
4670,0  -1,6004574  -1,6095299  -1,6669205  -1,7197863  -1,7720399  -1,8237845  -1,8751870  -1,9263022  -1,9767359  -2,0028006
4680,0  -1,4827540  -1,5307915  -1,5945544  -1,6486287  -1,7020182  -1,7548751  -1,8073661  -1,8595440  -1,9110046  -1,9379873
4690,0  -1,4034366  -1,4499941  -1,5206081  -1,5759191  -1,6304735  -1,6844815  -1,7381054  -1,7913937  -1,8439302  -1,8719107
4700,0  -1,3226675  -1,3664238  -1,4450946  -1,5016463  -1,5573707  -1,6125541  -1,6673473  -1,7217897  -1,7754495  -1,8045184
4710,0  -1,2409013  -1,2797790  -1,3681201  -1,4258579  -1,4827101  -1,5390644  -1,5950462  -1,6506762  -1,7055019  -1,7357620
4720,0  -1,1605231  -1,1897786  -1,2899743  -1,3487196  -1,4065623  -1,4640259  -1,5211811  -1,5780119  -1,6340344  -1,6656024
4730,0  -1,1059081  -1,0967387  -1,2113541  -1,2706428  -1,3291402  -1,3875357  -1,4457806  -1,5037846  -1,5610114  -1,5940182
4740,0  -1,1483645  -1,0102354  -1,1342254  -1,1925953  -1,2509571  -1,3098609  -1,3689723  -1,4280402  -1,4864317  -1,5210218
4750,0  -1,0520216  -0,9197129  -1,0624844  -1,1168868  -1,1732141  -1,2316343  -1,2910867  -1,3509412  -1,4103633  -1,4466879
4760,0  -0,9389460  -0,8577286  -1,0080629  -1,0495298  -1,0988613  -1,1543473  -1,2128996  -1,2728921  -1,3330131  -1,3712081
4770,0  -0,7769804  -1,0289118  -1,0090580  -1,0069084  -1,0357398  -1,0817378  -1,1362580  -1,1948391  -1,2548817  -1,2950017
4780,0  1,9021421  -0,9808080  -1,0452826  -1,0125781  -1,0030792  -1,0237918  -1,0658838  -1,1190651  -1,1771397  -1,2189589
4790,0  1,6681120  0,8822550  -0,9885012  -1,0351141  -1,0175681  -1,0024136  -1,0143100  -1,0515153  -1,1026556  -1,1450177
4800,0  1,3073354  1,7491641  1,8742851  -0,9343208  -1,0377254  -1,0249214  -1,0049608  -1,0075940  -1,0389960  -1,0776435
4810,0  -2,0291913  1,3810962  1,7183809  1,9072897  -0,8690563  -1,0373040  -1,0314680  -1,0098791  -1,0046478  -1,0273190
4820,0  -1,9861895  -1,6648352  1,3311493  1,6813363  1,8806847  -0,7858947  -1,0339084  -1,0364886  -1,0173426  -1,0119972
4830,0  -1,9278171  -1,9965392  -2,0315482  1,2336108  1,6420879  1,8505496  -0,6567464  -1,0275402  -1,0396537  -1,0286338
4840,0  -1,8761028  -1,9291436  -1,9905426  -2,0273576  1,1316744  1,5988857  1,8188469  -0,3838706  -1,0155080  -1,0368978
4850,0  -1,8046898  -1,8597388  -1,9251968  -1,9819624  -2,0198337  0,9951587  1,5506366  1,7883855  0,5695594  -0,9866695
4860,0  -1,7310450  -1,7885840  -1,8583946  -1,9164536  -1,9734852  -2,0123599  0,7717697  1,4957225  1,7609203  1,8798503
4870,0  -1,6544616  -1,7155348  -1,7901925  -1,8494927  -1,9077993  -1,9646894  -2,0059293  0,2388145  1,4283306  1,6926866
4880,0  -1,5617593  -1,6403345  -1,7205264  -1,7811296  -1,8406593  -1,8988129  -1,9555678  -2,0056495  -1,5671212  1,2863691
4890,0  -1,4598051  -1,5627258  -1,6493362  -1,7113037  -1,7721090  -1,8314860  -1,8894602  -1,9460679  -2,0006520  -2,0286825
4900,0  -1,3803004  -1,4829840  -1,5765806  -1,6399609  -1,7020886  -1,7627406  -1,8219379  -1,8797153  -1,9354169  -1,9646544
4910,0  -1,2993482  -1,4005684  -1,5022366  -1,5670627  -1,6305452  -1,6925173  -1,7529889  -1,8119890  -1,8688452  -1,8991006
4920,0  -1,2180951  -1,3152153  -1,4263371  -1,4926031  -1,5574438  -1,6207651  -1,6825541  -1,7428270  -1,8008904  -1,8322523
4930,0  -1,1420233  -1,2267235  -1,3490218  -1,4166403  -1,4827847  -1,5474522  -1,6105844  -1,6721713  -1,7314905  -1,7640589
4940,0  -1,1846544  -1,1387322  -1,2707246  -1,3393622  -1,4066388  -1,4725860  -1,5370521  -1,5999749  -1,6605888  -1,6944766
4950,0  -1,1028566  -1,0452368  -1,1922287  -1,2612268  -1,3292195  -1,3962513  -1,4619725  -1,5262148  -1,5881418  -1,6234753
4960,0  -0,9967462  -0,9441365  -1,1153679  -1,1832964  -1,2510419  -1,3186899  -1,3854461  -1,4509152  -1,5141327  -1,5510513
4970,0  -0,8536589  -0,8318108  -1,0450137  -1,1081563  -1,1733145  -1,2404799  -1,3077476  -1,3741949  -1,4385985  -1,4772488
4980,0  1,7776293  -0,1869609  -0,9813023  -1,0422695  -1,0990108  -1,1629823  -1,2295278  -1,2963667  -1,3616833  -1,4022026
4990,0  1,7364250  1,7783949  1,7461506  -0,9135048  -1,0337852  -1,0895431  -1,1523257  -1,2181670  -1,2837527  -1,3262197
5000,0  1,4011161  1,4753342  1,7321334  1,8947944  -0,7431621  -1,0210933  -1,0798303  -1,1413452  -1,2056637  -1,2499551
5010,0  -1,1244490  0,4235959  1,3779574  1,6612047  1,8397040  -0,2887911  -0,9997002  -1,0697684  -1,1294585  -1,1748131
5020,0  -1,9987416  -2,0233695  -2,0226905  1,1920963  1,5806498  1,7932764  1,7462279  -0,9309297  -1,0584544  -1,1039134
5030,0  -1,9336816  -1,9568126  -1,9941786  -2,0243561  0,9208617  1,4898105  1,7353585  1,9005897  -0,7913342  -1,0382406
5040,0  -1,8854324  -1,8882274  -1,9288959  -1,9775399  -2,0121621  0,1024901  1,3801668  1,6697136  1,8517255  -0,5445578
5050,0  -1,8143269  -1,8178098  -1,8621733  -1,9119175  -1,9611990  -2,0093166  -2,0159028  1,2134651  1,5997543  1,7978516
5060,0  -1,7410737  -1,7455642  -1,7940552  -1,8448623  -1,8951661  -1,9450119  -1,9944518  -2,0257276  0,9966221  1,4929877
5070,0  -1,6651808  -1,6713358  -1,7244783  -1,7764012  -1,8277630  -1,8786382  -1,9291921  -1,9793898  -2,0149790  0,2153525
5080,0  -1,5843715  -1,5949292  -1,6533836  -1,7064734  -1,7589385  -1,8108896  -1,8624940  -1,9138061  -1,9644299  -1,9906622
5090,0  -1,4677718  -1,5157346  -1,5807193  -1,6350254  -1,6886330  -1,7417045  -1,7944060  -1,8467900  -1,8984499  -1,9256145
5100,0  -1,3883093  -1,4344429  -1,5064743  -1,5620204  -1,6167962  -1,6710247  -1,7248669  -1,7783699  -1,8311149  -1,8592935
5110,0  -1,3072766  -1,3503153  -1,4306730  -1,4874553  -1,5433978  -1,5988038  -1,6538206  -1,7084850  -1,7623618  -1,7916473
5120,0  -1,2254899  -1,2630564  -1,3534472  -1,4113943  -1,4684481  -1,5250189  -1,5812248  -1,6370814  -1,6921310  -1,7226287
5130,0  -1,1461167  -1,1724054  -1,2751398  -1,3340366  -1,3920374  -1,4496955  -1,5070656  -1,5641217  -1,6203720  -1,6522010
5140,0  -1,1407281  -1,0797267  -1,1965828  -1,2558654  -1,3144189  -1,3729538  -1,4313855  -1,4896021  -1,5470537  -1,5803480
5150,0  -1,1319120  -0,9932971  -1,1200872  -1,1780192  -1,2361951  -1,2951100  -1,3543396  -1,4135846  -1,4721849  -1,5070909
5160,0  -1,0320792  -0,9033939  -1,0502572  -1,1032407  -1,1587811  -1,2169063  -1,2763175  -1,3362646  -1,3958527  -1,4325211
5170,0  -0,9146951  -0,8626803  -1,0021751  -1,0388078  -1,0857051  -1,1401057  -1,1982299  -1,2581175  -1,3183037  -1,3568623
5180,0  -0,7145052  -1,0687121  -1,0179864  -1,0040282  -1,0264253  -1,0691957  -1,1222676  -1,1802557  -1,2401252  -1,2805979
5190,0  1,8628744  -0,9156042  -1,0438521  -1,0176144  -1,0024168  -1,0161309  -1,0541156  -1,1053973  -1,1626961  -1,2047555
5200,0  1,6259417  1,9052556  -0,9074743  -1,0352664  -1,0231200  -1,0041658  -1,0086017  -1,0407102  -1,0894442  -1,1315930
5210,0  1,1910226  1,7001448  1,8963510  -0,8352859  -1,0354313  -1,0301039  -1,0087303  -1,0040698  -1,0294753  -1,0663681
5220,0  -2,0233329  1,2793115  1,6642276  1,8676165  -0,7436336  -1,0321563  -1,0355718  -1,0149701  -1,0035472  -1,0212114
5230,0  -1,9786609  -2,0300937  1,1925484  1,6236634  1,8382540  -0,5906450  -1,0254363  -1,0392028  -1,0228217  -1,0137158
5240,0  -1,9210941  -1,9840529  -2,0241169  1,0778265  1,5807459  1,8078009  -0,2320653  -1,0131205  -1,0406055  -1,0318531
5250,0  -1,8627789  -1,9161722  -1,9782956  -2,0164727  0,9239468  1,5327671  1,7798306  0,9766665  -0,9823969  -1,0356402
5260,0  -1,7909737  -1,8464472  -1,9126927  -1,9696855  -2,0095144  0,6507279  1,4777344  1,7524262  1,9011058  -0,9093609
5270,0  -1,7168527  -1,7749468  -1,8456314  -1,9039199  -1,9611874  -2,0043357  -0,1005416  1,4105405  1,7120377  1,8950569
5280,0  -1,6395051  -1,7015209  -1,7771579  -1,8366992  -1,8952327  -1,9523994  -2,0051476  -1,8415675  1,3131516  1,6366324
5290,0  -1,5268926  -1,6257144  -1,7072073  -1,7680646  -1,8278311  -1,8862118  -1,9432307  -1,9987402  -2,0323349  1,1286767
5300,0  -1,4449310  -1,5478687  -1,6357256  -1,6979562  -1,7590079  -1,8186216  -1,8768226  -1,9336473  -1,9884513  -2,0169203
5310,0  -1,3651146  -1,4676416  -1,5626706  -1,6263221  -1,6887037  -1,7496017  -1,8090358  -1,8670398  -1,9229553  -1,9523786
5320,0  -1,2839742  -1,3846920  -1,4880283  -1,5531283  -1,6168682  -1,6790934  -1,7398107  -1,7990473  -1,8561274  -1,8865846
5330,0  -1,2029763  -1,2987557  -1,4118463  -1,4783778  -1,5434712  -1,6070482  -1,6690895  -1,7296077  -1,7879045  -1,8194861
5340,0  -1,1308264  -1,2096979  -1,3342952  -1,4021467  -1,4685230  -1,5334399  -1,5968260  -1,6586642  -1,7182252  -1,7510336
5350,0  -1,1750718  -1,1219354  -1,2559024  -1,3246602  -1,3921143  -1,4582867  -1,5229987  -1,5861735  -1,6470346  -1,6811852
5360,0  -1,0839321  -1,0266629  -1,1775027  -1,2464537  -1,3144989  -1,3816951  -1,4476347  -1,5121189  -1,5742929  -1,6099146
5370,0  -0,9745118  -0,9242188  -1,1013659  -1,1687791  -1,2362816  -1,3039520  -1,3708584  -1,4365380  -1,4999909  -1,5372250
5380,0  -0,8083886  -0,8059136  -1,0331942  -1,0947149  -1,1588872  -1,2257357  -1,2929948  -1,3595762  -1,4241804  -1,4631738
5390,0  1,9079855  1,5107140  -0,9343924  -1,0313130  -1,0858607  -1,1486537  -1,2148075  -1,2816022  -1,3470358  -1,3879199
5400,0  1,6847134  1,7340716  1,9066339  -0,7961636  -1,0205936  -1,0766361  -1,1381162  -1,2034809  -1,2689874  -1,3118186
5410,0  1,3079251  1,3950936  1,6790007  1,8536641  -0,4667555  -1,0026564  -1,0671077  -1,1272810  -1,1910417  -1,2356246
5420,0  -2,0420414  -1,6423327  1,2535080  1,6020357  1,8037177  1,3405461  -0,9510635  -1,0568589  -1,1156087  -1,1609669
5430,0  -1,9864511  -2,0112810  -2,0282240  1,0060549  1,5126479  1,7489968  1,9090997  -0,8172582  -1,0437066  -1,0914362
5440,0  -1,9217394  -1,9439711  -1,9819477  -2,0146465  0,4432502  1,4068179  1,6824698  1,8595841  -0,5804447  -1,0218467
5450,0  -1,8721673  -1,8750706  -1,9164069  -1,9653016  -2,0116844  -1,9293530  1,2499776  1,6112013  1,8110402  0,2521998
5460,0  -1,8006754  -1,8043187  -1,8494256  -1,8993665  -1,9488459  -1,9977761  -2,0282597  1,0384594  1,5338836  1,7495043
5470,0  -1,7269751  -1,7317115  -1,7810370  -1,8320507  -1,8825505  -1,9325869  -1,9822224  -2,0154554  0,6478662  1,4123968
5480,0  -1,6504701  -1,6570890  -1,7111780  -1,7633173  -1,8148839  -1,8659586  -1,9167073  -1,9671542  -2,0142094  -1,8609527
5490,0  -1,5667587  -1,5802324  -1,6397908  -1,6931063  -1,7457843  -1,7979437  -1,8497515  -1,9012622  -1,9520778  -1,9784803
5500,0  -1,4528959  -1,5005952  -1,5668279  -1,6213665  -1,6751932  -1,7284806  -1,7813943  -1,8339859  -1,8858469  -1,9131963
5510,0  -1,3731238  -1,4187907  -1,4922847  -1,5480658  -1,6030631  -1,6575131  -1,7115747  -1,7652939  -1,8182490  -1,8466291
5520,0  -1,2918542  -1,3340952  -1,4162001  -1,4732106  -1,5293694  -1,5849976  -1,6402386  -1,6951261  -1,7492215  -1,7787273
5530,0  -1,2101386  -1,2462122  -1,3387346  -1,3968839  -1,4541336  -1,5109184  -1,5673476  -1,6234310  -1,6787057  -1,7094451
5540,0  -1,1323176  -1,1549161  -1,2602928  -1,3193229  -1,3774685  -1,4353140  -1,4928957  -1,5501758  -1,6066539  -1,6387488
5550,0  -1,1697214  -1,0637425  -1,1818932  -1,2410956  -1,2996740  -1,3583316  -1,4169410  -1,4753659  -1,5330407  -1,5666276
5560,0  -1,1143276  -0,9761514  -1,1061595  -1,1635412  -1,2214567  -1,2803436  -1,3396708  -1,3990819  -1,4578856  -1,4931128
5570,0  -1,0116010  -0,8880940  -1,0387165  -1,0899303  -1,1444878  -1,2022215  -1,2615428  -1,3215569  -1,3812980  -1,4183149
5580,0  -0,8888740  -0,8804228  -0,9986543  -1,0290863  -1,0730000  -1,1260546  -1,1836273  -1,2433491  -1,3035699  -1,3424935
5590,0  -0,5924515  -1,0908208  -1,0274814  -1,0031672  -1,0183603  -1,0572436  -1,1085307  -1,1657683  -1,2253903  -1,2662060
5600,0  1,8195873  -0,8406323  -1,0399202  -1,0227564  -1,0036253  -1,0099771  -1,0431064  -1,0920607  -1,1483871  -1,1906398
5610,0  1,5669973  1,8802347  -0,7990901  -1,0323004  -1,0283570  -1,0075478  -1,0046400  -1,0308639  -1,0766680  -1,1184320
5620,0  1,0274627  1,6446567  1,8547630  -0,6881384  -1,0297134  -1,0344264  -1,0136361  -1,0024463  -1,0211525  -1,0557760
5630,0  -2,0118672  1,1533599  1,6052193  1,8247921  -0,4938351  -1,0224630  -1,0385056  -1,0205683  -1,0043319  -1,0165277
5640,0  -1,9664988  -2,0198015  1,0181413  1,5603743  1,7958722  0,0205085  -1,0076643  -1,0405912  -1,0281199  -1,0164979
5650,0  -1,9188679  -1,9714024  -2,0133765  0,8273214  1,5122543  1,7710602  1,4643570  -0,9693855  -1,0399972  -1,0344040
5660,0  -1,8493853  -1,9031421  -1,9660044  -2,0066756  0,4620202  1,4565109  1,7414920  1,9124726  -0,8977621  -1,0324104
5670,0  -1,7771761  -1,8330924  -1,9001408  -1,9573830  -2,0035316  -0,6828989  1,3855946  1,7022198  1,8914834  -0,7990438
5680,0  -1,7025526  -1,7612411  -1,8328179  -1,8913384  -1,9488933  -2,0038300  -1,9848858  1,2870693  1,6570897  1,8524240
5690,0  -1,6242678  -1,6874312  -1,7640708  -1,8238554  -1,8826177  -1,9400362  -1,9959919  -2,0312100  1,1722683  1,5753427
5700,0  -1,5087507  -1,6111367  -1,6938340  -1,7549470  -1,8149523  -1,8735616  -1,9308010  -1,9865993  -2,0230988  0,9111624
5710,0  -1,4299940  -1,5329235  -1,6220589  -1,6845543  -1,7458539  -1,8057063  -1,8641359  -1,9211791  -1,9761889  -2,0048328
5720,0  -1,3498794  -1,4522023  -1,5487040  -1,6126276  -1,6752641  -1,7364098  -1,7960824  -1,8543151  -1,9104462  -1,9400582
5730,0  -1,2685956  -1,3687092  -1,4737649  -1,5391383  -1,6031354  -1,6656146  -1,7265791  -1,7860541  -1,8433599  -1,8740220
5740,0  -1,1880443  -1,2821822  -1,3973059  -1,4640994  -1,5294431  -1,5932754  -1,6555698  -1,7163347  -1,7748667  -1,8066716
5750,0  -1,1250801  -1,1926392  -1,3195345  -1,3876075  -1,4542089  -1,5193723  -1,5830118  -1,6451019  -1,7049061  -1,7379585
5760,0  -1,1607541  -1,1046536  -1,2410710  -1,3099307  -1,3775459  -1,4439357  -1,5088903  -1,5723161  -1,6334251  -1,6678431
5770,0  -1,0645501  -1,0078587  -1,1628490  -1,2316950  -1,2997549  -1,3670969  -1,4332461  -1,4979683  -1,5603883  -1,5963032
5780,0  -0,9510192  -0,9039298  -1,0876289  -1,1543781  -1,2215454  -1,2891949  -1,3562309  -1,4221111  -1,4857950  -1,5233500
5790,0  -0,7401067  -0,7743000  -1,0219855  -1,0816529  -1,1446012  -1,2110258  -1,2782278  -1,3449201  -1,4097141  -1,4490553
5800,0  1,8855397  1,9032034  -0,8340855  -1,0193765  -1,0731218  -1,1344924  -1,2001336  -1,2668295  -1,3323546  -1,3736060
5810,0  1,6290287  1,6820977  1,8668029  -0,5934633  -1,0046045  -1,0641228  -1,1241032  -1,1888554  -1,2542220  -1,2974119
5820,0  1,1907466  1,2995635  1,6215566  1,8147396  0,6337056  -0,9681276  -1,0545961  -1,1134449  -1,1765003  -1,2213435
5830,0  -2,0389560  -2,0455997  1,0787477  1,5365604  1,7640646  1,9161098  -0,8468622  -1,0427808  -1,1020095  -1,1472935
5840,0  -1,9741379  -1,9986832  -2,0179360  0,6675533  1,4343848  1,6972010  1,8692762  -0,6331860  -1,0264860  -1,0793185
5850,0  -1,9106268  -1,9310777  -1,9697055  -2,0121188  -1,5133942  1,2919087  1,6251782  1,8186816  0,1020868  -0,9961188
5860,0  -1,8588281  -1,8618525  -1,9038699  -1,9529779  -2,0015350  -2,0310593  1,0846872  1,5467690  1,7769111  1,8673350
5870,0  -1,7869459  -1,7907615  -1,8366278  -1,8867671  -1,9364355  -1,9855609  -2,0178040  0,7410074  1,4589639  1,6979685
5880,0  -1,7127796  -1,7177871  -1,7679664  -1,8191885  -1,8698862  -1,9201148  -1,9699665  -2,0095464  -0,7050178  1,3078143
5890,0  -1,6355924  -1,6427636  -1,6978231  -1,7501807  -1,8019538  -1,8532297  -1,9041748  -1,9548434  -2,0048202  -2,0300250
5900,0  -1,5414478  -1,5653947  -1,6261416  -1,6796847  -1,7325769  -1,7849461  -1,8369591  -1,8886701  -1,9396793  -1,9662545
5910,0  -1,4379725  -1,4853638  -1,5528799  -1,6076519  -1,6616985  -1,7152031  -1,7683305  -1,8211315  -1,8731953  -1,9007325
5920,0  -1,3578832  -1,4030356  -1,4780400  -1,5340557  -1,5892742  -1,6439461  -1,6982285  -1,7521654  -1,8053322  -1,8339172
5930,0  -1,2764099  -1,3177614  -1,4016774  -1,4589132  -1,5152859  -1,5711356  -1,6266012  -1,6817128  -1,7360281  -1,7657580
5940,0  -1,1948851  -1,2292449  -1,3239858  -1,3823286  -1,4397678  -1,4967633  -1,5534146  -1,6097249  -1,6652256  -1,6962110
5950,0  -1,1195573  -1,1373219  -1,2454419  -1,3045835  -1,3628584  -1,4208828  -1,4786719  -1,5361743  -1,5928801  -1,6252457
5960,0  -1,1741229  -1,0479054  -1,1673049  -1,2263453  -1,2849116  -1,3436722  -1,4024490  -1,4610768  -1,5189724  -1,5528573
5970,0  -1,0960293  -0,9589088  -1,0924961  -1,1491900  -1,2067564  -1,2655695  -1,3249698  -1,3845341  -1,4435348  -1,4790887
5980,0  -0,9905043  -0,8745401  -1,0280352  -1,0770347  -1,1303717  -1,1875983  -1,2467718  -1,3068229  -1,3667015  -1,4040713
5990,0  -0,8608523  -0,9140054  -0,9980449  -1,0205776  -1,0608493  -1,1122421  -1,1691146  -1,2285982  -1,2888176  -1,3281065
