0,0 0,00 1,00 0,00 1,00
10,0 -1,78 1,09 -2,10 -2,09
20,0 -1,82 -2,06 -2,09 -2,10
30,0 -1,82 -2,05 -2,09 -2,10
40,0 -1,83 -2,05 -2,08 -2,10
50,0 -1,84 -2,04 -2,07 -2,09
60,0 -1,84 -2,03 -2,06 -2,09
70,0 -1,85 -2,02 -2,05 -2,08
80,0 -1,85 -2,02 -2,05 -2,07
90,0 -1,85 -2,01 -2,04 -2,04
100,0 -1,86 -2,01 -2,03 -2,04
110,0 -1,86 -2,00 -2,03 -2,03
120,0 -1,87 -2,00 -2,02 -2,03
130,0 -1,87 -1,99 -2,02 -2,03
140,0 -1,87 -1,99 -2,01 -2,04
150,0 -1,87 -1,98 -2,01 -2,03
160,0 -1,88 -1,98 -2,00 -2,03
170,0 -1,86 -1,97 -2,00 -2,02
180,0 -1,86 -1,97 -2,00 -2,02
190,0 -1,87 -1,97 -1,99 -1,99
200,0 -1,90 -1,96 -1,99 -1,99
210,0 -1,90 -1,96 -1,99 -1,99
220,0 -1,90 -1,96 -1,98 -1,99
230,0 -1,90 -1,96 -1,98 -1,99
240,0 -1,90 -1,95 -1,98 -1,99
250,0 -1,90 -1,95 -1,98 -2,00
260,0 -1,90 -1,95 -1,97 -2,00
270,0 -1,90 -1,95 -1,97 -1,99
280,0 -1,90 -1,94 -1,97 -1,99
290,0 -1,90 -1,94 -1,97 -1,97
300,0 -1,90 -1,94 -1,96 -1,96
310,0 -1,90 -1,94 -1,96 -1,96
320,0 -1,90 -1,94 -1,96 -1,96
330,0 -1,90 -1,94 -1,96 -1,96
340,0 -1,90 -1,94 -1,96 -1,97
350,0 -1,90 -1,94 -1,96 -1,98
360,0 -1,88 -1,93 -1,96 -1,98
370,0 -1,89 -1,93 -1,96 -1,98
380,0 -1,90 -1,93 -1,95 -1,97
390,0 -1,91 -1,93 -1,95 -1,97
400,0 -1,91 -1,93 -1,95 -1,95
410,0 -1,91 -1,93 -1,95 -1,95
420,0 -1,91 -1,93 -1,95 -1,95
430,0 -1,91 -1,93 -1,95 -1,95
440,0 -1,91 -1,93 -1,95 -1,96
450,0 -1,91 -1,93 -1,95 -1,97
460,0 -1,91 -1,93 -1,95 -1,97
470,0 -1,91 -1,93 -1,95 -1,97
480,0 -1,91 -1,93 -1,95 -1,97
490,0 -1,91 -1,93 -1,95 -1,96
500,0 -1,91 -1,92 -1,95 -1,94
510,0 -1,91 -1,92 -1,95 -1,94
520,0 -1,91 -1,92 -1,95 -1,95
530,0 -1,91 -1,92 -1,94 -1,95
540,0 -1,91 -1,92 -1,94 -1,95
550,0 -1,91 -1,92 -1,94 -1,97
560,0 -1,91 -1,92 -1,94 -1,97
570,0 -1,91 -1,92 -1,94 -1,96
580,0 -1,91 -1,92 -1,94 -1,96
590,0 -1,91 -1,92 -1,94 -1,96
600,0 -1,91 -1,92 -1,94 -1,94
610,0 -1,91 -1,92 -1,94 -1,94
620,0 -1,91 -1,92 -1,94 -1,94
630,0 -1,91 -1,92 -1,94 -1,94
640,0 -1,91 -1,92 -1,94 -1,95
650,0 -1,91 -1,92 -1,94 -1,95
660,0 -1,91 -1,92 -1,94 -1,97
670,0 -1,91 -1,92 -1,94 -1,96
680,0 -1,91 -1,92 -1,94 -1,96
690,0 -1,91 -1,92 -1,94 -1,96
700,0 -1,91 -1,92 -1,94 -1,94
710,0 -1,91 -1,92 -1,94 -1,94
720,0 -1,91 -1,92 -1,94 -1,94
730,0 -1,91 -1,92 -1,94 -1,94
740,0 -1,91 -1,92 -1,94 -1,94
750,0 -1,91 -1,92 -1,94 -1,95
760,0 -1,91 -1,92 -1,94 -1,96
770,0 -1,90 -1,92 -1,94 -1,96
780,0 -1,89 -1,92 -1,94 -1,96
790,0 -1,90 -1,92 -1,94 -1,96
800,0 -1,92 -1,92 -1,94 -1,95
810,0 -1,92 -1,92 -1,94 -1,94
820,0 -1,92 -1,92 -1,94 -1,94
830,0 -1,92 -1,92 -1,94 -1,94
840,0 -1,92 -1,92 -1,94 -1,94
850,0 -1,91 -1,92 -1,94 -1,95
860,0 -1,91 -1,92 -1,94 -1,96
870,0 -1,91 -1,92 -1,94 -1,96
880,0 -1,91 -1,92 -1,94 -1,96
890,0 -1,91 -1,92 -1,94 -1,96
900,0 -1,91 -1,92 -1,94 -1,95
910,0 -1,91 -1,92 -1,94 -1,94
920,0 -1,91 -1,92 -1,94 -1,94
930,0 -1,91 -1,92 -1,94 -1,94
940,0 -1,91 -1,92 -1,94 -1,94
950,0 -1,91 -1,92 -1,94 -1,95
960,0 -1,91 -1,92 -1,94 -1,96
970,0 -1,91 -1,92 -1,94 -1,96
980,0 -1,89 -1,92 -1,94 -1,96
990,0 -1,89 -1,92 -1,94 -1,96
1000,0 -1,90 -1,92 -1,94 -1,96
1010,0 -1,92 -1,92 -1,94 -1,94
1020,0 -1,92 -1,92 -1,94 -1,94
1030,0 -1,92 -1,92 -1,94 -1,94
1040,0 -1,92 -1,92 -1,94 -1,94
1050,0 -1,91 -1,92 -1,94 -1,94
1060,0 -1,91 -1,92 -1,94 -1,96
1070,0 -1,91 -1,92 -1,94 -1,96
1080,0 -1,91 -1,92 -1,94 -1,96
1090,0 -1,91 -1,92 -1,94 -1,96
1100,0 -1,91 -1,92 -1,94 -1,96
1110,0 -1,91 -1,92 -1,94 -1,94
1120,0 -1,91 -1,92 -1,94 -1,94
1130,0 -1,91 -1,92 -1,94 -1,94
1140,0 -1,91 -1,92 -1,94 -1,94
1150,0 -1,91 -1,92 -1,94 -1,94
1160,0 -1,91 -1,92 -1,94 -1,95
1170,0 -1,91 -1,92 -1,94 -1,96
1180,0 -1,91 -1,92 -1,94 -1,96
1190,0 -1,91 -1,92 -1,94 -1,96
1200,0 -1,91 -1,92 -1,94 -1,96
1210,0 -1,91 -1,92 -1,94 -1,94
1220,0 -1,91 -1,92 -1,94 -1,94
1230,0 -1,91 -1,92 -1,94 -1,94
1240,0 -1,91 -1,92 -1,94 -1,94
1250,0 -1,91 -1,92 -1,94 -1,94
1260,0 -1,91 -1,92 -1,94 -1,95
1270,0 -1,91 -1,92 -1,94 -1,96
1280,0 -1,91 -1,92 -1,94 -1,96
1290,0 -1,91 -1,92 -1,94 -1,96
1300,0 -1,91 -1,92 -1,94 -1,96
1310,0 -1,91 -1,92 -1,94 -1,95
1320,0 -1,91 -1,92 -1,94 -1,94
1330,0 -1,91 -1,92 -1,94 -1,94
1340,0 -1,91 -1,92 -1,94 -1,94
1350,0 -1,91 -1,92 -1,94 -1,94
1360,0 -1,91 -1,92 -1,94 -1,95
1370,0 -1,91 -1,92 -1,94 -1,96
1380,0 -1,91 -1,92 -1,94 -1,96
1390,0 -1,89 -1,92 -1,94 -1,96
1400,0 -1,90 -1,92 -1,94 -1,96
1410,0 -1,90 -1,92 -1,94 -1,95
1420,0 -1,92 -1,92 -1,94 -1,94
1430,0 -1,92 -1,92 -1,94 -1,94
1440,0 -1,92 -1,92 -1,94 -1,94
1450,0 -1,92 -1,92 -1,94 -1,94
1460,0 -1,92 -1,92 -1,94 -1,95
1470,0 -1,91 -1,92 -1,94 -1,96
1480,0 -1,91 -1,92 -1,94 -1,96
1490,0 -1,91 -1,92 -1,94 -1,96
1500,0 -1,91 -1,92 -1,94 -1,96
1510,0 -1,91 -1,92 -1,94 -1,96
1520,0 -1,91 -1,92 -1,94 -1,94
1530,0 -1,91 -1,92 -1,94 -1,94
1540,0 -1,91 -1,92 -1,94 -1,94
1550,0 -1,91 -1,92 -1,94 -1,94
1560,0 -1,91 -1,92 -1,94 -1,94
1570,0 -1,91 -1,92 -1,94 -1,96
1580,0 -1,91 -1,92 -1,94 -1,96
1590,0 -1,91 -1,92 -1,94 -1,96
1600,0 -1,89 -1,92 -1,94 -1,96
1610,0 -1,89 -1,92 -1,94 -1,96
1620,0 -1,90 -1,92 -1,94 -1,94
1630,0 -1,92 -1,92 -1,94 -1,94
1640,0 -1,92 -1,92 -1,94 -1,94
1650,0 -1,92 -1,92 -1,94 -1,94
1660,0 -1,92 -1,92 -1,94 -1,94
1670,0 -1,91 -1,92 -1,94 -1,95
1680,0 -1,91 -1,92 -1,94 -1,96
1690,0 -1,91 -1,92 -1,94 -1,96
1700,0 -1,91 -1,92 -1,94 -1,96
1710,0 -1,91 -1,92 -1,94 -1,96
1720,0 -1,91 -1,92 -1,94 -1,94
1730,0 -1,91 -1,92 -1,94 -1,94
1740,0 -1,91 -1,92 -1,94 -1,94
1750,0 -1,91 -1,92 -1,94 -1,94
1760,0 -1,91 -1,92 -1,94 -1,94
1770,0 -1,91 -1,92 -1,94 -1,95
1780,0 -1,89 -1,92 -1,94 -1,96
1790,0 -1,89 -1,92 -1,94 -1,96
1800,0 -1,90 -1,92 -1,94 -1,96
1810,0 -1,92 -1,92 -1,94 -1,96
1820,0 -1,92 -1,92 -1,94 -1,95
1830,0 -1,92 -1,92 -1,94 -1,94
1840,0 -1,92 -1,92 -1,94 -1,94
1850,0 -1,92 -1,92 -1,94 -1,94
1860,0 -1,91 -1,92 -1,94 -1,94
1870,0 -1,91 -1,92 -1,94 -1,95
1880,0 -1,91 -1,92 -1,94 -1,96
1890,0 -1,91 -1,92 -1,94 -1,96
1900,0 -1,91 -1,92 -1,94 -1,96
1910,0 -1,91 -1,92 -1,94 -1,96
1920,0 -1,91 -1,92 -1,94 -1,95
1930,0 -1,91 -1,92 -1,94 -1,94
1940,0 -1,91 -1,92 -1,94 -1,94
1950,0 -1,91 -1,92 -1,94 -1,94
1960,0 -1,91 -1,92 -1,94 -1,94
1970,0 -1,91 -1,92 -1,94 -1,95
1980,0 -1,91 -1,92 -1,94 -1,96
1990,0 -1,91 -1,92 -1,94 -1,96
2000,0 -1,91 -1,92 -1,94 -1,96
2010,0 -1,89 -1,92 -1,94 -1,96
2020,0 -1,89 -1,92 -1,94 -1,96
2030,0 -1,91 -1,92 -1,94 -1,94
2040,0 -1,92 -1,92 -1,94 -1,94
2050,0 -1,92 -1,92 -1,94 -1,94
2060,0 -1,92 -1,92 -1,94 -1,94
2070,0 -1,92 -1,92 -1,94 -1,94
2080,0 -1,91 -1,92 -1,94 -1,96
2090,0 -1,91 -1,92 -1,94 -1,96
2100,0 -1,91 -1,92 -1,94 -1,96
2110,0 -1,91 -1,92 -1,94 -1,96
2120,0 -1,91 -1,92 -1,94 -1,96
2130,0 -1,91 -1,92 -1,94 -1,94
2140,0 -1,91 -1,92 -1,94 -1,94
2150,0 -1,91 -1,92 -1,94 -1,94
2160,0 -1,91 -1,92 -1,94 -1,94
2170,0 -1,91 -1,92 -1,94 -1,94
2180,0 -1,91 -1,92 -1,94 -1,95
2190,0 -1,89 -1,92 -1,94 -1,96
2200,0 -1,89 -1,92 -1,94 -1,96
2210,0 -1,90 -1,92 -1,94 -1,96
2220,0 -1,92 -1,92 -1,94 -1,96
2230,0 -1,92 -1,92 -1,94 -1,94
2240,0 -1,92 -1,92 -1,94 -1,94
2250,0 -1,92 -1,92 -1,94 -1,94
2260,0 -1,92 -1,92 -1,94 -1,94
2270,0 -1,91 -1,92 -1,94 -1,94
2280,0 -1,91 -1,92 -1,94 -1,95
2290,0 -1,91 -1,92 -1,94 -1,96
2300,0 -1,91 -1,92 -1,94 -1,96
2310,0 -1,91 -1,92 -1,94 -1,96
2320,0 -1,91 -1,92 -1,94 -1,96
2330,0 -1,91 -1,92 -1,94 -1,95
2340,0 -1,91 -1,92 -1,94 -1,94
2350,0 -1,91 -1,92 -1,94 -1,94
2360,0 -1,91 -1,92 -1,94 -1,94
2370,0 -1,91 -1,92 -1,94 -1,94
2380,0 -1,91 -1,92 -1,94 -1,95
2390,0 -1,91 -1,92 -1,94 -1,96
2400,0 -1,91 -1,92 -1,94 -1,96
2410,0 -1,90 -1,92 -1,94 -1,96
2420,0 -1,89 -1,92 -1,94 -1,96
2430,0 -1,90 -1,92 -1,94 -1,95
2440,0 -1,92 -1,92 -1,94 -1,94
2450,0 -1,92 -1,92 -1,94 -1,94
2460,0 -1,92 -1,92 -1,94 -1,94
2470,0 -1,92 -1,92 -1,94 -1,94
2480,0 -1,92 -1,92 -1,94 -1,95
2490,0 -1,91 -1,92 -1,94 -1,96
2500,0 -1,91 -1,92 -1,94 -1,96
2510,0 -1,91 -1,92 -1,94 -1,96
2520,0 -1,91 -1,92 -1,94 -1,96
2530,0 -1,91 -1,92 -1,94 -1,96
2540,0 -1,91 -1,92 -1,94 -1,94
2550,0 -1,91 -1,92 -1,94 -1,94
2560,0 -1,91 -1,92 -1,94 -1,94
2570,0 -1,91 -1,92 -1,94 -1,94
2580,0 -1,91 -1,92 -1,94 -1,94
2590,0 -1,91 -1,92 -1,94 -1,96
2600,0 -1,89 -1,92 -1,94 -1,96
2610,0 -1,89 -1,92 -1,94 -1,96
2620,0 -1,90 -1,92 -1,94 -1,96
2630,0 -1,92 -1,92 -1,94 -1,96
2640,0 -1,92 -1,92 -1,94 -1,94
2650,0 -1,92 -1,92 -1,94 -1,94
2660,0 -1,92 -1,92 -1,94 -1,94
2670,0 -1,91 -1,92 -1,94 -1,94
2680,0 -1,91 -1,92 -1,94 -1,94
2690,0 -1,91 -1,92 -1,94 -1,95
2700,0 -1,91 -1,92 -1,94 -1,96
2710,0 -1,91 -1,92 -1,94 -1,96
2720,0 -1,91 -1,92 -1,94 -1,96
2730,0 -1,91 -1,92 -1,94 -1,96
2740,0 -1,91 -1,92 -1,94 -1,94
2750,0 -1,91 -1,92 -1,94 -1,94
2760,0 -1,91 -1,92 -1,94 -1,94
2770,0 -1,91 -1,92 -1,94 -1,94
2780,0 -1,91 -1,92 -1,94 -1,94
2790,0 -1,91 -1,92 -1,94 -1,95
2800,0 -1,91 -1,92 -1,94 -1,96
2810,0 -1,91 -1,92 -1,94 -1,96
2820,0 -1,89 -1,92 -1,94 -1,96
2830,0 -1,89 -1,92 -1,94 -1,96
2840,0 -1,90 -1,92 -1,94 -1,95
2850,0 -1,92 -1,92 -1,94 -1,94
2860,0 -1,92 -1,92 -1,94 -1,94
2870,0 -1,92 -1,92 -1,94 -1,94
2880,0 -1,92 -1,92 -1,94 -1,94
2890,0 -1,92 -1,92 -1,94 -1,95
2900,0 -1,91 -1,92 -1,94 -1,96
2910,0 -1,91 -1,92 -1,94 -1,96
2920,0 -1,91 -1,92 -1,94 -1,96
2930,0 -1,91 -1,92 -1,94 -1,96
2940,0 -1,91 -1,92 -1,94 -1,95
2950,0 -1,91 -1,92 -1,94 -1,94
2960,0 -1,91 -1,92 -1,94 -1,94
2970,0 -1,91 -1,92 -1,94 -1,94
2980,0 -1,91 -1,92 -1,94 -1,94
2990,0 -1,91 -1,92 -1,94 -1,94
3000,0 -1,91 -1,92 -1,94 -1,96
3010,0 -1,89 -1,92 -1,94 -1,96
3020,0 -1,89 -1,92 -1,94 -1,96
3030,0 -1,91 -1,92 -1,94 -1,96
3040,0 -1,92 -1,92 -1,94 -1,96
3050,0 -1,92 -1,92 -1,94 -1,94
3060,0 -1,92 -1,92 -1,94 -1,94
3070,0 -1,92 -1,92 -1,94 -1,94
3080,0 -1,91 -1,92 -1,94 -1,94
3090,0 -1,91 -1,92 -1,94 -1,94
3100,0 -1,91 -1,92 -1,94 -1,96
3110,0 -1,91 -1,92 -1,94 -1,96
3120,0 -1,91 -1,92 -1,94 -1,96
3130,0 -1,91 -1,92 -1,94 -1,96
3140,0 -1,91 -1,92 -1,94 -1,96
3150,0 -1,91 -1,92 -1,94 -1,94
3160,0 -1,91 -1,92 -1,94 -1,94
3170,0 -1,91 -1,92 -1,94 -1,94
3180,0 -1,91 -1,92 -1,94 -1,94
3190,0 -1,91 -1,92 -1,94 -1,94
3200,0 -1,91 -1,92 -1,94 -1,95
3210,0 -1,91 -1,92 -1,94 -1,96
3220,0 -1,91 -1,92 -1,94 -1,96
3230,0 -1,89 -1,92 -1,94 -1,96
3240,0 -1,89 -1,92 -1,94 -1,96
3250,0 -1,90 -1,92 -1,94 -1,94
3260,0 -1,92 -1,92 -1,94 -1,94
3270,0 -1,92 -1,92 -1,94 -1,94
3280,0 -1,92 -1,92 -1,94 -1,94
3290,0 -1,92 -1,92 -1,94 -1,94
3300,0 -1,92 -1,92 -1,94 -1,95
3310,0 -1,91 -1,92 -1,94 -1,96
3320,0 -1,91 -1,92 -1,94 -1,96
3330,0 -1,91 -1,92 -1,94 -1,96
3340,0 -1,91 -1,92 -1,94 -1,96
3350,0 -1,91 -1,92 -1,94 -1,95
3360,0 -1,91 -1,92 -1,94 -1,94
3370,0 -1,91 -1,92 -1,94 -1,94
3380,0 -1,91 -1,92 -1,94 -1,94
3390,0 -1,91 -1,92 -1,94 -1,94
3400,0 -1,91 -1,92 -1,94 -1,95
3410,0 -1,90 -1,92 -1,94 -1,96
3420,0 -1,89 -1,92 -1,94 -1,96
3430,0 -1,90 -1,92 -1,94 -1,96
3440,0 -1,92 -1,92 -1,94 -1,96
3450,0 -1,92 -1,92 -1,94 -1,95
3460,0 -1,92 -1,92 -1,94 -1,94
3470,0 -1,92 -1,92 -1,94 -1,94
3480,0 -1,92 -1,92 -1,94 -1,94
3490,0 -1,91 -1,92 -1,94 -1,94
3500,0 -1,91 -1,92 -1,94 -1,94
3510,0 -1,91 -1,92 -1,94 -1,96
3520,0 -1,91 -1,92 -1,94 -1,96
3530,0 -1,91 -1,92 -1,94 -1,96
3540,0 -1,91 -1,92 -1,94 -1,96
3550,0 -1,91 -1,92 -1,94 -1,96
3560,0 -1,91 -1,92 -1,94 -1,94
3570,0 -1,91 -1,92 -1,94 -1,94
3580,0 -1,91 -1,92 -1,94 -1,94
3590,0 -1,91 -1,92 -1,94 -1,94
3600,0 -1,91 -1,92 -1,94 -1,94
3610,0 -1,91 -1,92 -1,94 -1,96
3620,0 -1,91 -1,92 -1,94 -1,96
3630,0 -1,91 -1,92 -1,94 -1,96
3640,0 -1,89 -1,92 -1,94 -1,96
3650,0 -1,89 -1,92 -1,94 -1,96
3660,0 -1,90 -1,92 -1,94 -1,94
3670,0 -1,92 -1,92 -1,94 -1,94
3680,0 -1,92 -1,92 -1,94 -1,94
3690,0 -1,92 -1,92 -1,94 -1,94
3700,0 -1,92 -1,92 -1,94 -1,94
3710,0 -1,92 -1,92 -1,94 -1,95
3720,0 -1,91 -1,92 -1,94 -1,96
3730,0 -1,91 -1,92 -1,94 -1,96
3740,0 -1,91 -1,92 -1,94 -1,96
3750,0 -1,91 -1,92 -1,94 -1,96
3760,0 -1,91 -1,92 -1,94 -1,94
3770,0 -1,91 -1,92 -1,94 -1,94
3780,0 -1,91 -1,92 -1,94 -1,94
3790,0 -1,91 -1,92 -1,94 -1,94
3800,0 -1,91 -1,92 -1,94 -1,94
3810,0 -1,91 -1,92 -1,94 -1,95
3820,0 -1,89 -1,92 -1,94 -1,96
3830,0 -1,89 -1,92 -1,94 -1,96
3840,0 -1,90 -1,92 -1,94 -1,96
3850,0 -1,92 -1,92 -1,94 -1,96
3860,0 -1,92 -1,92 -1,94 -1,95
3870,0 -1,92 -1,92 -1,94 -1,94
3880,0 -1,92 -1,92 -1,94 -1,94
3890,0 -1,92 -1,92 -1,94 -1,94
3900,0 -1,91 -1,92 -1,94 -1,94
3910,0 -1,91 -1,92 -1,94 -1,95
3920,0 -1,91 -1,92 -1,94 -1,96
3930,0 -1,91 -1,92 -1,94 -1,96
3940,0 -1,91 -1,92 -1,94 -1,96
3950,0 -1,91 -1,92 -1,94 -1,96
3960,0 -1,91 -1,92 -1,94 -1,95
3970,0 -1,91 -1,92 -1,94 -1,94
3980,0 -1,91 -1,92 -1,94 -1,94
3990,0 -1,91 -1,92 -1,94 -1,94
4000,0 -1,91 -1,92 -1,94 -1,94
4010,0 -1,91 -1,92 -1,94 -1,94
4020,0 -1,91 -1,92 -1,94 -1,96
4030,0 -1,91 -1,92 -1,94 -1,96
4040,0 -1,91 -1,92 -1,94 -1,96
4050,0 -1,89 -1,92 -1,94 -1,96
4060,0 -1,89 -1,92 -1,94 -1,96
4070,0 -1,90 -1,92 -1,94 -1,94
4080,0 -1,92 -1,92 -1,94 -1,94
4090,0 -1,92 -1,92 -1,94 -1,94
4100,0 -1,92 -1,92 -1,94 -1,94
4110,0 -1,92 -1,92 -1,94 -1,94
4120,0 -1,91 -1,92 -1,94 -1,96
4130,0 -1,91 -1,92 -1,94 -1,96
4140,0 -1,91 -1,92 -1,94 -1,96
4150,0 -1,91 -1,92 -1,94 -1,96
4160,0 -1,91 -1,92 -1,94 -1,96
4170,0 -1,91 -1,92 -1,94 -1,94
4180,0 -1,91 -1,92 -1,94 -1,94
4190,0 -1,91 -1,92 -1,94 -1,94
4200,0 -1,91 -1,92 -1,94 -1,94
4210,0 -1,91 -1,92 -1,94 -1,94
4220,0 -1,91 -1,92 -1,94 -1,95
4230,0 -1,89 -1,92 -1,94 -1,96
4240,0 -1,89 -1,92 -1,94 -1,96
4250,0 -1,90 -1,92 -1,94 -1,96
4260,0 -1,92 -1,92 -1,94 -1,96
4270,0 -1,92 -1,92 -1,94 -1,94
4280,0 -1,92 -1,92 -1,94 -1,94
4290,0 -1,92 -1,92 -1,94 -1,94
4300,0 -1,92 -1,92 -1,94 -1,94
4310,0 -1,91 -1,92 -1,94 -1,94
4320,0 -1,91 -1,92 -1,94 -1,95
4330,0 -1,91 -1,92 -1,94 -1,96
4340,0 -1,91 -1,92 -1,94 -1,96
4350,0 -1,91 -1,92 -1,94 -1,96
4360,0 -1,91 -1,92 -1,94 -1,96
4370,0 -1,91 -1,92 -1,94 -1,95
4380,0 -1,91 -1,92 -1,94 -1,94
4390,0 -1,91 -1,92 -1,94 -1,94
4400,0 -1,91 -1,92 -1,94 -1,94
4410,0 -1,91 -1,92 -1,94 -1,94
4420,0 -1,91 -1,92 -1,94 -1,95
4430,0 -1,91 -1,92 -1,94 -1,96
4440,0 -1,91 -1,92 -1,94 -1,96
4450,0 -1,90 -1,92 -1,94 -1,96
4460,0 -1,89 -1,92 -1,94 -1,96
4470,0 -1,90 -1,92 -1,94 -1,95
4480,0 -1,92 -1,92 -1,94 -1,94
4490,0 -1,92 -1,92 -1,94 -1,94
4500,0 -1,92 -1,92 -1,94 -1,94
4510,0 -1,92 -1,92 -1,94 -1,94
4520,0 -1,92 -1,92 -1,94 -1,94
4530,0 -1,91 -1,92 -1,94 -1,96
4540,0 -1,91 -1,92 -1,94 -1,96
4550,0 -1,91 -1,92 -1,94 -1,96
4560,0 -1,91 -1,92 -1,94 -1,96
4570,0 -1,91 -1,92 -1,94 -1,96
4580,0 -1,91 -1,92 -1,94 -1,94
4590,0 -1,91 -1,92 -1,94 -1,94
4600,0 -1,91 -1,92 -1,94 -1,94
4610,0 -1,91 -1,92 -1,94 -1,94
4620,0 -1,91 -1,92 -1,94 -1,94
4630,0 -1,91 -1,92 -1,94 -1,96
4640,0 -1,89 -1,92 -1,94 -1,96
4650,0 -1,89 -1,92 -1,94 -1,96
4660,0 -1,90 -1,92 -1,94 -1,96
4670,0 -1,92 -1,92 -1,94 -1,96
4680,0 -1,92 -1,92 -1,94 -1,94
4690,0 -1,92 -1,92 -1,94 -1,94
4700,0 -1,92 -1,92 -1,94 -1,94
4710,0 -1,91 -1,92 -1,94 -1,94
4720,0 -1,91 -1,92 -1,94 -1,94
4730,0 -1,91 -1,92 -1,94 -1,95
4740,0 -1,91 -1,92 -1,94 -1,96
4750,0 -1,91 -1,92 -1,94 -1,96
4760,0 -1,91 -1,92 -1,94 -1,96
4770,0 -1,91 -1,92 -1,94 -1,96
4780,0 -1,91 -1,92 -1,94 -1,94
4790,0 -1,91 -1,92 -1,94 -1,94
4800,0 -1,91 -1,92 -1,94 -1,94
4810,0 -1,91 -1,92 -1,94 -1,94
4820,0 -1,91 -1,92 -1,94 -1,94
4830,0 -1,91 -1,92 -1,94 -1,95
4840,0 -1,91 -1,92 -1,94 -1,96
4850,0 -1,91 -1,92 -1,94 -1,96
4860,0 -1,89 -1,92 -1,94 -1,96
4870,0 -1,89 -1,92 -1,94 -1,96
4880,0 -1,90 -1,92 -1,94 -1,95
4890,0 -1,92 -1,92 -1,94 -1,94
4900,0 -1,92 -1,92 -1,94 -1,94
4910,0 -1,92 -1,92 -1,94 -1,94
4920,0 -1,92 -1,92 -1,94 -1,94
4930,0 -1,92 -1,92 -1,94 -1,95
4940,0 -1,91 -1,92 -1,94 -1,96
4950,0 -1,91 -1,92 -1,94 -1,96
4960,0 -1,91 -1,92 -1,94 -1,96
4970,0 -1,91 -1,92 -1,94 -1,96
4980,0 -1,91 -1,92 -1,94 -1,95
4990,0 -1,91 -1,92 -1,94 -1,94
5000,0 -1,91 -1,92 -1,94 -1,94
5010,0 -1,91 -1,92 -1,94 -1,94
5020,0 -1,91 -1,92 -1,94 -1,94
5030,0 -1,91 -1,92 -1,94 -1,94
5040,0 -1,91 -1,92 -1,94 -1,96
5050,0 -1,89 -1,92 -1,94 -1,96
5060,0 -1,89 -1,92 -1,94 -1,96
5070,0 -1,90 -1,92 -1,94 -1,96
5080,0 -1,92 -1,92 -1,94 -1,96
5090,0 -1,92 -1,92 -1,94 -1,94
5100,0 -1,92 -1,92 -1,94 -1,94
5110,0 -1,92 -1,92 -1,94 -1,94
5120,0 -1,91 -1,92 -1,94 -1,94
5130,0 -1,91 -1,92 -1,94 -1,94
5140,0 -1,91 -1,92 -1,94 -1,96
5150,0 -1,91 -1,92 -1,94 -1,96
5160,0 -1,91 -1,92 -1,94 -1,96
5170,0 -1,91 -1,92 -1,94 -1,96
5180,0 -1,91 -1,92 -1,94 -1,96
5190,0 -1,91 -1,92 -1,94 -1,94
5200,0 -1,91 -1,92 -1,94 -1,94
5210,0 -1,91 -1,92 -1,94 -1,94
5220,0 -1,91 -1,92 -1,94 -1,94
5230,0 -1,91 -1,92 -1,94 -1,94
5240,0 -1,91 -1,92 -1,94 -1,95
5250,0 -1,91 -1,92 -1,94 -1,96
5260,0 -1,91 -1,92 -1,94 -1,96
5270,0 -1,89 -1,92 -1,94 -1,96
5280,0 -1,89 -1,92 -1,94 -1,96
5290,0 -1,90 -1,92 -1,94 -1,94
5300,0 -1,92 -1,92 -1,94 -1,94
5310,0 -1,92 -1,92 -1,94 -1,94
5320,0 -1,92 -1,92 -1,94 -1,94
5330,0 -1,92 -1,92 -1,94 -1,94
5340,0 -1,92 -1,92 -1,94 -1,95
5350,0 -1,91 -1,92 -1,94 -1,96
5360,0 -1,91 -1,92 -1,94 -1,96
5370,0 -1,91 -1,92 -1,94 -1,96
5380,0 -1,91 -1,92 -1,94 -1,96
5390,0 -1,91 -1,92 -1,94 -1,95
5400,0 -1,91 -1,92 -1,94 -1,94
5410,0 -1,91 -1,92 -1,94 -1,94
5420,0 -1,91 -1,92 -1,94 -1,94
5430,0 -1,91 -1,92 -1,94 -1,94
5440,0 -1,91 -1,92 -1,94 -1,95
5450,0 -1,90 -1,92 -1,94 -1,96
5460,0 -1,89 -1,92 -1,94 -1,96
5470,0 -1,90 -1,92 -1,94 -1,96
5480,0 -1,92 -1,92 -1,94 -1,96
5490,0 -1,92 -1,92 -1,94 -1,95
5500,0 -1,92 -1,92 -1,94 -1,94
5510,0 -1,92 -1,92 -1,94 -1,94
5520,0 -1,92 -1,92 -1,94 -1,94
5530,0 -1,91 -1,92 -1,94 -1,94
5540,0 -1,91 -1,92 -1,94 -1,94
5550,0 -1,91 -1,92 -1,94 -1,96
5560,0 -1,91 -1,92 -1,94 -1,96
5570,0 -1,91 -1,92 -1,94 -1,96
5580,0 -1,91 -1,92 -1,94 -1,96
5590,0 -1,91 -1,92 -1,94 -1,96
5600,0 -1,91 -1,92 -1,94 -1,94
5610,0 -1,91 -1,92 -1,94 -1,94
5620,0 -1,91 -1,92 -1,94 -1,94
5630,0 -1,91 -1,92 -1,94 -1,94
5640,0 -1,91 -1,92 -1,94 -1,94
5650,0 -1,91 -1,92 -1,94 -1,96
5660,0 -1,91 -1,92 -1,94 -1,96
5670,0 -1,91 -1,92 -1,94 -1,96
5680,0 -1,89 -1,92 -1,94 -1,96
5690,0 -1,89 -1,92 -1,94 -1,96
5700,0 -1,90 -1,92 -1,94 -1,94
5710,0 -1,92 -1,92 -1,94 -1,94
5720,0 -1,92 -1,92 -1,94 -1,94
5730,0 -1,92 -1,92 -1,94 -1,94
5740,0 -1,92 -1,92 -1,94 -1,94
5750,0 -1,92 -1,92 -1,94 -1,95
5760,0 -1,91 -1,92 -1,94 -1,96
5770,0 -1,91 -1,92 -1,94 -1,96
5780,0 -1,91 -1,92 -1,94 -1,96
5790,0 -1,91 -1,92 -1,94 -1,96
5800,0 -1,91 -1,92 -1,94 -1,95
5810,0 -1,91 -1,92 -1,94 -1,94
5820,0 -1,91 -1,92 -1,94 -1,94
5830,0 -1,91 -1,92 -1,94 -1,94
5840,0 -1,91 -1,92 -1,94 -1,94
5850,0 -1,91 -1,92 -1,94 -1,95
5860,0 -1,89 -1,92 -1,94 -1,96
5870,0 -1,89 -1,92 -1,94 -1,96
5880,0 -1,90 -1,92 -1,94 -1,96
5890,0 -1,92 -1,92 -1,94 -1,96
5900,0 -1,92 -1,92 -1,94 -1,95
5910,0 -1,92 -1,92 -1,94 -1,94
5920,0 -1,92 -1,92 -1,94 -1,94
5930,0 -1,92 -1,92 -1,94 -1,94
5940,0 -1,91 -1,92 -1,94 -1,94
5950,0 -1,91 -1,92 -1,94 -1,95
5960,0 -1,91 -1,92 -1,94 -1,96
5970,0 -1,91 -1,92 -1,94 -1,96
5980,0 -1,91 -1,92 -1,94 -1,96
5990,0 -1,91 -1,92 -1,94 -1,96
