0,0  0,0000000  0,0000000
10,0  1,6508661  1,6203370
20,0  1,4579890  1,4108201
30,0  1,1540253  1,0533942
40,0  -1,9932254  -1,9762273
50,0  -1,8488172  -1,8249883
60,0  -1,6739314  -1,6457155
70,0  -1,4493453  -1,4111423
80,0  -1,0522322  -0,9487292
90,0  1,9804067  1,9660608
100,0  1,8646266  1,8296697
110,0  1,7113735  1,6726096
120,0  1,5238139  1,4795352
130,0  1,1872317  1,1922197
140,0  -1,9467544  -1,9025798
150,0  -1,8647343  -1,8680401
160,0  -1,6933216  -1,6978346
170,0  -1,4762873  -1,4831871
180,0  -1,1192864  -1,1359694
190,0  1,9954105  1,9979853
200,0  1,8631243  1,8656589
210,0  1,7123718  1,7146673
220,0  1,5310838  1,5330490
230,0  1,2814010  1,2828603
240,0  0,3957666  0,3962115
250,0  -1,9072127  -1,9074848
260,0  -1,7436753  -1,7447312
270,0  -1,5424644  -1,5449696
280,0  -1,2469648  -1,2540700
290,0  1,7831766  1,5094885
300,0  1,9131117  1,9014344
310,0  1,7667995  1,7559686
320,0  1,5805372  1,5840377
330,0  1,3205479  1,3584606
340,0  0,7349185  0,8928100
350,0  -1,9275262  -1,9425397
360,0  -1,7677662  -1,7857757
370,0  -1,5737561  -1,5971186
380,0  -1,3010649  -1,3388420
390,0  -0,0362783  -0,5398663
400,0  1,9205155  1,9312788
410,0  1,7784435  1,7900749
420,0  1,6122922  1,6254274
430,0  1,4001647  1,4167633
440,0  1,0288128  1,0649764
450,0  -1,9699256  -1,9763624
460,0  -1,8170230  -1,8249767
470,0  -1,6349943  -1,6456994
480,0  -1,3937553  -1,4109823
490,0  -0,8497893  -0,9439286
500,0  1,9625164  1,9624798
510,0  1,8232064  1,8254183
520,0  1,6537579  1,6674151
530,0  1,4230779  1,4721511
540,0  1,0839453  1,1787758
550,0  -1,9831533  -1,9825427
560,0  -1,8331931  -1,8582949
570,0  -1,6551522  -1,6861222
580,0  -1,4236192  -1,4672538
590,0  -0,9852607  -1,0992326
600,0  1,9720416  1,9873129
610,0  1,8367998  1,8533909
620,0  1,6816536  1,7003272
630,0  1,4921401  1,5148730
640,0  1,2177833  1,2534612
650,0  -1,2926278  -0,2321036
660,0  -1,8807309  -1,8921596
670,0  -1,7123305  -1,7266116
680,0  -1,5014681  -1,5213887
690,0  -1,1706122  -1,2116078
700,0  2,0191404  1,9910139
710,0  1,8898916  1,8860291
720,0  1,7397148  1,7382083
730,0  1,5264367  1,5619396
740,0  1,2687388  1,3263672
750,0  0,2418861  0,7380516
760,0  -1,9030967  -1,9242908
770,0  -1,7390391  -1,7644690
780,0  -1,5368980  -1,5702064
790,0  -1,2388727  -1,2960757
800,0  1,7735202  0,2225604
810,0  1,8989800  1,9136105
820,0  1,7538096  1,7699041
830,0  1,5824142  1,6010742
840,0  1,3582791  1,3831176
850,0  0,9035882  0,9760478
860,0  -1,9472866  -1,9569065
870,0  -1,7907017  -1,8024706
880,0  -1,6023003  -1,6179593
890,0  -1,3447350  -1,3704975
900,0  -0,4305708  -0,7672072
910,0  1,9398318  1,9438367
920,0  1,7972834  1,8043185
930,0  1,6097815  1,6422747
940,0  1,3790359  1,4390280
950,0  0,9720630  1,1127829
960,0  -1,9592638  -1,9841052
970,0  -1,8047486  -1,8341227
980,0  -1,6201757  -1,6568346
990,0  -1,3729898  -1,4266447
1000,0  -0,7901163  -0,9913025
1010,0  1,9499064  1,9673137
1020,0  1,8118318  1,8308712
1030,0  1,6522241  1,6739085
1040,0  1,4539383  1,4810004
1050,0  1,1481320  1,1954326
1060,0  -1,9928124  -1,9021918
1070,0  -1,8539870  -1,8675655
1080,0  -1,6801170  -1,6972823
1090,0  -1,4576694  -1,4824313
1100,0  -1,0679467  -1,1337534
1110,0  1,9900652  1,9950206
1120,0  1,8544669  1,8621655
1130,0  1,6955981  1,7105137
1140,0  1,4730202  1,5273144
1150,0  1,1840830  1,2730862
1160,0  -1,9035780  0,0825253
1170,0  -1,8678128  -1,8962528
1180,0  -1,6970371  -1,7314380
1190,0  -1,4814067  -1,5276288
1200,0  -1,1313161  -1,2225776
1210,0  1,9985584  1,9788444
1220,0  1,8678704  1,8867592
1230,0  1,7179111  1,7390503
1240,0  1,5380495  1,5633070
1250,0  1,2924331  1,3286785
1260,0  0,5296987  0,7588475
1270,0  -1,9143877  -1,9274390
1280,0  -1,7522465  -1,7681656
1290,0  -1,5536568  -1,5749286
1300,0  -1,2667461  -1,3038675
1310,0  1,2373535  -0,0168602
1320,0  1,9201581  1,9176222
1330,0  1,7748996  1,7744854
1340,0  1,5912518  1,6065216
1350,0  1,3362859  1,3901610
1360,0  0,8166404  0,9939556
1370,0  -1,9361593  -1,9577824
1380,0  -1,7778667  -1,8034719
1390,0  -1,5865593  -1,6191707
1400,0  -1,3215884  -1,3721788
1410,0  -0,3807564  -0,7734784
1420,0  1,9287809  1,9438863
1430,0  1,7878626  1,8043862
1440,0  1,6236274  1,6425273
1450,0  1,4156862  1,4397562
1460,0  1,0669054  1,1157100
1470,0  -1,9790850  -1,9885433
1480,0  -1,8277240  -1,8395605
1490,0  -1,6481523  -1,6634867
1500,0  -1,4127900  -1,4361013
1510,0  -0,9252711  -1,0207505
1520,0  1,9690224  1,9731240
1530,0  1,8308218  1,8374103
1540,0  1,6663693  1,6815553
1550,0  1,4347140  1,4904180
1560,0  1,1087452  1,2115117
1570,0  -1,9870817  -1,8078223
1580,0  -1,8411655  -1,8697795
1590,0  -1,6648673  -1,6999107
1600,0  -1,4372742  -1,4858914
1610,0  -1,0247744  -1,1404887
1620,0  1,9785173  1,9956458
1630,0  1,8440913  1,8629316
1640,0  1,6902237  1,7114430
1650,0  1,5031626  1,5289033
1660,0  1,2365530  1,2759981
1670,0  -0,5842399  0,2598323
1680,0  -1,8887710  -1,9019755
1690,0  -1,7218324  -1,7382291
1700,0  -1,5138655  -1,5365274
1710,0  -1,1926547  -1,2389788
1720,0  2,0125175  1,8943628
1730,0  1,8834541  1,8928164
1740,0  1,7312891  1,7460082
1750,0  1,5163493  1,5714752
1760,0  1,2581193  1,3404365
1770,0  0,0576129  0,8030979
1780,0  -1,8989391  -1,9284087
1790,0  -1,7341280  -1,7692781
1800,0  -1,5305321  -1,5762838
1810,0  -1,2276356  -1,3057639
1820,0  1,8915869  0,0423314
1830,0  1,8957901  1,9155240
1840,0  1,7501579  1,7720865
1850,0  1,5779685  1,6037064
1860,0  1,3519425  1,3867539
1870,0  0,8809275  0,9858884
1880,0  -1,9444263  -1,9580020
1890,0  -1,7873987  -1,8037352
1900,0  -1,5981739  -1,6195168
1910,0  -1,3385976  -1,3727714
1920,0  -0,4923018  -0,7799002
1930,0  1,9444133  1,9449608
1940,0  1,8028711  1,8055991
1950,0  1,6308275  1,6439090
1960,0  1,3871126  1,4410785
1970,0  0,9939597  1,1173506
1980,0  -1,9633473  -1,9859715
1990,0  -1,8094826  -1,8364024
2000,0  -1,6260355  -1,6596170
2010,0  -1,3816413  -1,4305809
2020,0  -0,8311941  -1,0035111
2030,0  1,9534711  1,9695888
2040,0  1,8158579  1,8334361
2050,0  1,6569894  1,6769313
2060,0  1,4601931  1,4849186
2070,0  1,1601435  1,2024722
2080,0  -1,9868153  -1,8269626
2090,0  -1,8581409  -1,8705909
2100,0  -1,6851303  -1,7009090
2110,0  -1,4645473  -1,4873123
2120,0  -1,0842421  -1,1442111
2130,0  1,9918045  1,9972920
2140,0  1,8564784  1,8648450
2150,0  1,6986217  1,7136347
2160,0  1,4753539  1,5312234
2170,0  1,1883155  1,2792661
2180,0  -1,8706751  0,1974607
2190,0  -1,8695193  -1,8987650
2200,0  -1,6990857  -1,7344103
2210,0  -1,4841540  -1,5315000
2220,0  -1,1372136  -1,2295794
2230,0  1,9994574  1,9578046
2240,0  1,8694218  1,8888341
2250,0  1,7197275  1,7414431
2260,0  1,5403686  1,5662587
2270,0  1,2960587  1,3330409
2280,0  0,5633263  0,7817755
2290,0  -1,9161135  -1,9295727
2300,0  -1,7542075  -1,7706600
2310,0  -1,5560391  -1,5780871
2320,0  -1,2704315  -1,3089303
2330,0  1,2363266  -0,1138416
2340,0  1,9192200  1,9192335
2350,0  1,7738726  1,7763237
2360,0  1,5793633  1,6086570
2370,0  1,3359939  1,3932525
2380,0  0,8141187  1,0022972
2390,0  -1,9359610  -1,9590072
2400,0  -1,7776363  -1,8048885
2410,0  -1,5862717  -1,6209224
2420,0  -1,3211496  -1,3747634
2430,0  -0,3761583  -0,7863638
2440,0  1,9286984  1,9447011
2450,0  1,7877704  1,8053093
2460,0  1,6235194  1,6436256
2470,0  1,4155456  1,4412158
2480,0  1,0666236  1,1187127
2490,0  -1,9790845  -1,9891562
2500,0  -1,8277362  -1,8403714
2510,0  -1,6481682  -1,6644703
2520,0  -1,4128008  -1,4374696
2530,0  -0,9192520  -1,0243738
2540,0  1,9675392  1,9733861
2550,0  1,8289432  1,8377023
2560,0  1,6626071  1,6818846
2570,0  1,4319809  1,4908507
2580,0  1,1035721  1,2122118
2590,0  -1,9859121  -1,8098951
2600,0  -1,8396121  -1,8695554
2610,0  -1,6629794  -1,6996398
2620,0  -1,4346386  -1,4855198
2630,0  -1,0175544  -1,1396090
2640,0  1,9773624  1,9952137
2650,0  1,8427950  1,8624284
2660,0  1,6887096  1,7108563
2670,0  1,5012364  1,5281622
2680,0  1,2333434  1,2748086
2690,0  -0,6984214  0,2368278
2700,0  -1,8874837  -1,9012841
2710,0  -1,7203058  -1,7374113
2720,0  -1,5118830  -1,5354636
2730,0  -1,1906211  -1,2370998
2740,0  2,0182531  1,8860074
2750,0  1,8933693  1,8935824
2760,0  1,7437027  1,7469088
2770,0  1,5306104  1,5726181
2780,0  1,2787592  1,3421599
2790,0  0,3849375  0,8188018
2800,0  -1,9078698  -1,9315127
2810,0  -1,7446770  -1,7729149
2820,0  -1,5442064  -1,5809098
2830,0  -1,2517228  -1,3132925
2840,0  1,4939617  -0,1642461
2850,0  1,9034365  1,9196438
2860,0  1,7589243  1,7767979
2870,0  1,5886578  1,6094161
2880,0  1,3671916  1,3947295
2890,0  0,9342833  1,0087633
2900,0  -1,9522200  -1,9630612
2910,0  -1,7964556  -1,8095930
2920,0  -1,6094955  -1,6267730
2930,0  -1,3557321  -1,3835213
2940,0  -0,5295928  -0,8321095
2950,0  1,9426967  1,9489401
2960,0  1,8005290  1,8101000
2970,0  1,6119679  1,6491392
2980,0  1,3850865  1,4481865
2990,0  0,9896253  1,1317282
3000,0  -1,9627030  -1,9884506
3010,0  -1,8087591  -1,8396834
3020,0  -1,6251444  -1,6635993
3030,0  -1,3803494  -1,4361324
3040,0  -0,8258117  -1,0188969
3050,0  1,9531306  1,9714085
3060,0  1,8154792  1,8354840
3070,0  1,6565498  1,6793367
3080,0  1,4596322  1,4880136
3090,0  1,1591375  1,2078698
3100,0  -1,9867374  -1,7575320
3110,0  -1,8580440  -1,8723303
3120,0  -1,6850219  -1,7029875
3130,0  -1,4644580  -1,4900891
3140,0  -1,0890523  -1,1500235
3150,0  2,0007834  1,9993984
3160,0  1,8668838  1,8674044
3170,0  1,7122889  1,7166316
3180,0  1,4897846  1,5349809
3190,0  1,2130289  1,2853039
3200,0  -1,4084918  0,3427468
3210,0  -1,8790213  -1,9033700
3220,0  -1,7104490  -1,7398609
3230,0  -1,4993434  -1,5386027
3240,0  -1,1684148  -1,2424191
3250,0  2,0034596  1,8528224
3260,0  1,8776026  1,8940687
3270,0  1,7291890  1,7474774
3280,0  1,5521230  1,5736947
3290,0  1,3138856  1,3439839
3300,0  0,6947980  0,8352646
3310,0  -1,9245497  -1,9357186
3320,0  -1,7641109  -1,7778404
3330,0  -1,5686983  -1,5871649
3340,0  -1,2910572  -1,3233743
3350,0  1,0870154  -0,3381461
3360,0  1,9172939  1,9240036
3370,0  1,7711616  1,7817567
3380,0  1,5663509  1,6150490
3390,0  1,3337237  1,4022898
3400,0  0,8061849  1,0257711
3410,0  -1,9353169  -1,9624867
3420,0  -1,7768859  -1,8089107
3430,0  -1,5853312  -1,6258876
3440,0  -1,3197020  -1,3820514
3450,0  -0,3600991  -0,8204606
3460,0  1,9283864  1,9469404
3470,0  1,7874224  1,8078451
3480,0  1,6231126  1,6466402
3490,0  1,4150140  1,4452133
3500,0  1,0655124  1,1268380
3510,0  -1,9790199  -1,9907138
3520,0  -1,8277229  -1,8425561
3530,0  -1,6481611  -1,6671182
3540,0  -1,4129072  -1,4411467
3550,0  -0,9417055  -1,0345728
3560,0  1,9766709  1,9759457
3570,0  1,8396297  1,8405915
3580,0  1,6792686  1,6853182
3590,0  1,4472571  1,4952380
3600,0  1,1342299  1,2200525
3610,0  -1,9899917  -1,6010767
3620,0  -1,8493573  -1,8744767
3630,0  -1,6747988  -1,7055373
3640,0  -1,4510506  -1,4934495
3650,0  -1,0607499  -1,1565403
3660,0  1,9847937  1,9997219
3670,0  1,8511570  1,8679051
3680,0  1,6984752  1,7172276
3690,0  1,5136382  1,5361726
3700,0  1,2537839  1,2874624
3710,0  -0,0708146  0,4274616
3720,0  -1,8961379  -1,9076887
3730,0  -1,7305813  -1,7449735
3740,0  -1,5253721  -1,5452620
3750,0  -1,2149066  -1,2543380
3760,0  2,0126231  1,6498733
3770,0  1,8912922  1,8985252
3780,0  1,7406654  1,7525813
3790,0  1,5278369  1,5795527
3800,0  1,2763612  1,3522273
3810,0  0,3605587  0,8599025
3820,0  -1,9071979  -1,9351285
3830,0  -1,7438863  -1,7771309
3840,0  -1,5431930  -1,5862186
3850,0  -1,2500200  -1,3216375
3860,0  1,5319523  -0,2848070
3870,0  1,9031126  1,9219628
3880,0  1,7585605  1,7794423
3890,0  1,5882266  1,6126032
3900,0  1,3666055  1,3991176
3910,0  0,9326348  1,0201883
3920,0  -1,9521823  -1,9650387
3930,0  -1,7964402  -1,8118775
3940,0  -1,6094876  -1,6295879
3950,0  -1,3559611  -1,3876296
3960,0  -0,6555620  -0,8524272
3970,0  1,9520284  1,9515704
3980,0  1,8115956  1,8130878
3990,0  1,6434924  1,6528343
4000,0  1,4015955  1,4529226
4010,0  1,0322516  1,1417029
4020,0  -1,9713477  -1,9918663
4030,0  -1,8188022  -1,8447631
4040,0  -1,6375266  -1,6697750
4050,0  -1,3984063  -1,4447729
4060,0  -0,9003833  -1,0433079
4070,0  1,9607287  1,9764004
4080,0  1,8240511  1,8411054
4090,0  1,6666718  1,6859447
4100,0  1,4728354  1,4965259
4110,0  1,1836819  1,2227321
4120,0  -1,9235589  -1,3516791
4130,0  -1,8669380  -1,8789158
4140,0  -1,6957211  -1,7108583
4150,0  -1,4789676  -1,5005996
4160,0  -1,1190326  -1,1715149
4170,0  1,9989741  2,0029424
4180,0  1,8646388  1,8724643
4190,0  1,7086793  1,7224869
4200,0  1,4878454  1,5423165
4210,0  1,2104213  1,2966116
4220,0  -1,4728215  0,4628974
4230,0  -1,8783297  -1,9070804
4240,0  -1,7096259  -1,7442322
4250,0  -1,4982592  -1,5442399
4260,0  -1,1663395  -1,2521762
4270,0  2,0022132  1,7341134
4280,0  1,8772713  1,8964402
4290,0  1,7288142  1,7502028
4300,0  1,5516713  1,5770327
4310,0  1,3132393  1,3488081
4320,0  0,6915435  0,8549579
4330,0  -1,9245211  -1,9377459
4340,0  -1,7640949  -1,7802021
4350,0  -1,5686946  -1,5901320
4360,0  -1,2915781  -1,3280041
4370,0  0,4482209  -0,4177228
4380,0  1,9268571  1,9266908
4390,0  1,7827012  1,7848321
4400,0  1,5976220  1,6189820
4410,0  1,3518497  1,4074302
4420,0  0,8799876  1,0400198
4430,0  -1,9442219  -1,9670143
4440,0  -1,7872657  -1,8141512
4450,0  -1,5983793  -1,6323674
4460,0  -1,3400148  -1,3915972
4470,0  -0,5733442  -0,8665276
4480,0  1,9361406  1,9520350
4490,0  1,7962282  1,8136167
4500,0  1,6336441  1,6535060
4510,0  1,4292155  1,4543257
4520,0  1,0973172  1,1453221
4530,0  -1,9866516  -1,9941665
4540,0  -1,8368845  -1,8493341
4550,0  -1,6593500  -1,6753333
4560,0  -1,4287081  -1,4525401
4570,0  -0,9797771  -1,0642858
4580,0  1,9748610  1,9805607
4590,0  1,8372693  1,8457754
4600,0  1,6740687  1,6913668
4610,0  1,4452849  1,5030091
4620,0  1,1311190  1,2331543
4630,0  -1,9876522  -1,2769554
4640,0  -1,8486458  -1,8782877
4650,0  -1,6739409  -1,7100808
4660,0  -1,4498814  -1,4994824
4670,0  -1,0579896  -1,1685976
4680,0  1,9844663  2,0014135
4690,0  1,8508188  1,8703320
4700,0  1,6980893  1,7200412
4710,0  1,5131642  1,5396850
4720,0  1,2530566  1,2928783
4730,0  -0,0835279  0,4835029
4740,0  -1,8961148  -1,9097677
4750,0  -1,7305660  -1,7474202
4760,0  -1,5253794  -1,5484086
4770,0  -1,2161714  -1,2597327
4780,0  2,0025784  1,4584209
4790,0  1,9011420  1,9012734
4800,0  1,7528294  1,7557534
4810,0  1,5432923  1,5834997
4820,0  1,2966130  1,3578956
4830,0  0,5700034  0,8864011
4840,0  -1,9163315  -1,9397706
4850,0  -1,7546416  -1,7825493
4860,0  -1,5570318  -1,5930539
4870,0  -1,2736138  -1,3324296
4880,0  0,7407085  -0,4526382
4890,0  1,9110343  1,9271656
4900,0  1,7676229  1,7853780
4910,0  1,5992268  1,6197621
4920,0  1,3820793  1,4089822
4930,0  0,9801103  1,0457000
4940,0  -1,9603366  -1,9710839
4950,0  -1,8058971  -1,8188671
4960,0  -1,6212434  -1,6381992
4970,0  -1,3734402  -1,4001691
4980,0  -0,6920406  -0,9029082
4990,0  1,9501677  1,9562805
5000,0  1,8091027  1,8184062
5010,0  1,6293739  1,6590551
5020,0  1,3994965  1,4612160
5030,0  1,0281323  1,1576726
5040,0  -1,9706282  -1,9929420
5050,0  -1,8180688  -1,8486843
5060,0  -1,6366289  -1,6745140
5070,0  -1,3971287  -1,4512998
5080,0  -0,8959810  -1,0597777
5090,0  1,9604164  1,9786125
5100,0  1,8237055  1,8435923
5110,0  1,6662737  1,6888568
5120,0  1,4723348  1,5002451
5130,0  1,1828337  1,2290098
5140,0  -1,9254200  -1,1539228
5150,0  -1,8669180  -1,8810510
5160,0  -1,6957067  -1,7134006
5170,0  -1,4789973  -1,5039639
5180,0  -1,1225662  -1,1781607
5190,0  2,0077672  2,0043831
5200,0  1,8748677  1,8752789
5210,0  1,7218069  1,7257682
5220,0  1,5020185  1,5464111
5230,0  1,2337317  1,3030044
5240,0  -0,6576084  0,5555022
5250,0  -1,8877112  -1,9118425
5260,0  -1,7208027  -1,7498490
5270,0  -1,5130552  -1,5514984
5280,0  -1,1951751  -1,2648110
5290,0  1,9959484  1,3619051
5300,0  1,8853728  1,9017590
5310,0  1,7381592  1,7563186
5320,0  1,5632141  1,5845287
5330,0  1,3304004  1,3596497
5340,0  0,7871564  0,8983591
5350,0  -1,9328819  -1,9439467
5360,0  -1,7738798  -1,7874256
5370,0  -1,5811153  -1,5992052
5380,0  -1,3113314  -1,3421025
5390,0  0,3305626  -0,5584870
5400,0  1,9249338  1,9314989
5410,0  1,7800319  1,7902970
5420,0  1,5782380  1,6253526
5430,0  1,3495928  1,4163719
5440,0  0,8734032  1,0612911
5450,0  -1,9435694  -1,9705127
5460,0  -1,7865084  -1,8181931
5470,0  -1,5974357  -1,6373308
5480,0  -1,3385924  -1,3987621
5490,0  -0,5626014  -0,8941237
5500,0  1,9358231  1,9542929
5510,0  1,7958747  1,8161686
5520,0  1,6332321  1,6565284
5530,0  1,4286823  1,4582955
5540,0  1,0962674  1,1529786
5550,0  -1,9865394  -1,9941550
5560,0  -1,8368663  -1,8515306
5570,0  -1,6593370  -1,6779839
5580,0  -1,4287846  -1,4561755
5590,0  -0,9933161  -1,0733727
5600,0  1,9839251  1,9831194
5610,0  1,8478407  1,8486613
5620,0  1,6893279  1,6947771
5630,0  1,4602343  1,5073426
5640,0  1,1595461  1,2406175
5650,0  -1,9797741  -0,8801425
5660,0  -1,8582976  -1,8831801
5670,0  -1,6855954  -1,7159207
5680,0  -1,4658663  -1,5072555
5690,0  -1,0965012  -1,1842539
5700,0  1,9917633  2,0041441
5710,0  1,8591142  1,8757758
5720,0  1,7077477  1,7263563
5730,0  1,5253447  1,5475741
5740,0  1,2725805  1,3050497
5750,0  0,2920148  0,6026892
5760,0  -1,9046950  -1,9161269
5770,0  -1,7407175  -1,7549041
5780,0  -1,5385930  -1,5580296
5790,0  -1,2391826  -1,2760932
5800,0  1,9886598  0,9377398
5810,0  1,8991158  1,9061862
5820,0  1,7498983  1,7613782
5830,0  1,5393827  1,5903115
5840,0  1,2942293  1,3676704
5850,0  0,5539241  0,9201416
5860,0  -1,9156633  -1,9433616
5870,0  -1,7538576  -1,7867246
5880,0  -1,5560341  -1,5982784
5890,0  -1,2719863  -1,3404575
5900,0  0,7900742  -0,5276582
5910,0  1,9107110  1,9294706
5920,0  1,7672607  1,7880008
5930,0  1,5987991  1,6229096
5940,0  1,3815052  1,4132634
5950,0  0,9786601  1,0559044
5960,0  -1,9602932  -1,9730426
5970,0  -1,8058802  -1,8211308
5980,0  -1,6212328  -1,6409740
5990,0  -1,3736176  -1,4041535
